130 16
0.000000 -13.209466
0.000000 -3.640029
0.000000 -0.462029
0.000000 -0.462029
0.000000 4.286962
0.000000 7.663163
0.000000 7.663163
0.000000 11.487826
0.000000 13.227546
0.000000 13.479171
0.000000 13.479171
0.000000 15.005558
0.000000 16.511591
0.000000 16.511591
0.000000 23.670651
0.000000 24.768711

0.020000 -13.214647
0.020000 -3.632639
0.020000 -0.465220
0.020000 -0.465220
0.020000 4.285559
0.020000 7.664212
0.020000 7.664212
0.020000 11.443342
0.020000 12.921842
0.020000 13.321258
0.020000 13.321258
0.020000 15.339616
0.020000 16.679067
0.020000 16.679067
0.020000 23.070001
0.020000 24.699666

0.040000 -13.224220
0.040000 -3.606030
0.040000 -0.464635
0.040000 -0.464635
0.040000 4.289196
0.040000 7.673785
0.040000 7.673785
0.040000 11.364105
0.040000 12.616691
0.040000 13.095339
0.040000 13.095339
0.040000 15.734724
0.040000 16.942352
0.040000 16.942352
0.040000 22.462965
0.040000 24.138621

0.060000 -13.238038
0.060000 -3.560435
0.060000 -0.460360
0.060000 -0.460360
0.060000 4.297442
0.060000 7.691557
0.060000 7.691557
0.060000 11.219565
0.060000 12.375343
0.060000 12.829261
0.060000 12.829261
0.060000 16.154809
0.060000 17.273700
0.060000 17.273700
0.060000 21.875227
0.060000 23.579857

0.080000 -13.255862
0.080000 -3.496211
0.080000 -0.452509
0.080000 -0.452509
0.080000 4.309659
0.080000 7.717023
0.080000 7.717023
0.080000 10.988526
0.080000 12.232170
0.080000 12.543286
0.080000 12.543286
0.080000 16.579907
0.080000 17.652924
0.080000 17.652924
0.080000 21.318656
0.080000 23.030131

0.100000 -13.277365
0.100000 -3.413842
0.100000 -0.441229
0.100000 -0.441229
0.100000 4.324964
0.100000 7.749465
0.100000 7.749465
0.100000 10.686516
0.100000 12.178077
0.100000 12.250780
0.100000 12.250780
0.100000 16.989567
0.100000 18.066536
0.100000 18.066536
0.100000 20.809940
0.100000 22.492640

0.120000 -13.302150
0.120000 -3.313919
0.120000 -0.426696
0.120000 -0.426696
0.120000 4.342169
0.120000 7.787905
0.120000 7.787905
0.120000 10.346618
0.120000 11.960608
0.120000 11.960608
0.120000 12.183836
0.120000 17.349888
0.120000 18.504852
0.120000 18.504852
0.120000 20.381332
0.120000 21.970429

0.140000 -13.329765
0.140000 -3.197140
0.140000 -0.409120
0.140000 -0.409120
0.140000 4.359713
0.140000 7.831036
0.140000 7.831036
0.140000 9.993546
0.140000 11.679046
0.140000 11.679046
0.140000 12.227545
0.140000 17.596885
0.140000 18.958347
0.140000 18.958347
0.140000 20.096265
0.140000 21.468880

0.160000 -13.359709
0.160000 -3.064291
0.160000 -0.388748
0.160000 -0.388748
0.160000 4.375570
0.160000 7.877145
0.160000 7.877145
0.160000 9.641855
0.160000 11.411003
0.160000 11.411003
0.160000 12.297089
0.160000 17.643787
0.160000 19.408486
0.160000 19.408486
0.160000 20.041615
0.160000 21.003983

0.180000 -13.391459
0.180000 -2.916247
0.180000 -0.365859
0.180000 -0.365859
0.180000 4.387154
0.180000 7.924012
0.180000 7.924012
0.180000 9.300619
0.180000 11.160785
0.180000 11.160785
0.180000 12.385776
0.180000 17.470464
0.180000 19.772173
0.180000 19.772173
0.180000 20.238058
0.180000 20.657304

0.200000 -13.424472
0.200000 -2.753966
0.200000 -0.340774
0.200000 -0.340774
0.200000 4.391233
0.200000 7.968828
0.200000 7.968828
0.200000 8.976529
0.200000 10.932562
0.200000 10.932562
0.200000 12.489352
0.200000 17.155665
0.200000 19.729213
0.200000 19.729213
0.200000 20.607666
0.200000 20.748197

0.220000 -13.458207
0.220000 -2.578485
0.220000 -0.313852
0.220000 -0.313852
0.220000 4.383895
0.220000 8.008159
0.220000 8.008159
0.220000 8.675399
0.220000 10.730615
0.220000 10.730615
0.220000 12.604422
0.220000 16.778973
0.220000 19.367604
0.220000 19.367604
0.220000 21.071365
0.220000 21.188309

0.240000 -13.492130
0.240000 -2.390935
0.240000 -0.285490
0.240000 -0.285490
0.240000 4.360650
0.240000 8.038080
0.240000 8.038080
0.240000 8.402766
0.240000 10.559333
0.240000 10.559333
0.240000 12.727447
0.240000 16.385147
0.240000 18.953788
0.240000 18.953788
0.240000 21.579940
0.240000 21.711230

0.260000 -13.525725
0.260000 -2.192557
0.260000 -0.256124
0.260000 -0.256124
0.260000 4.316767
0.260000 8.054596
0.260000 8.054596
0.260000 8.163906
0.260000 10.422840
0.260000 10.422840
0.260000 12.853814
0.260000 15.998666
0.260000 18.539731
0.260000 18.539731
0.260000 21.956455
0.260000 22.265352

0.280000 -13.558502
0.280000 -1.984728
0.280000 -0.226227
0.280000 -0.226227
0.280000 4.247927
0.280000 7.963361
0.280000 8.054450
0.280000 8.054450
0.280000 10.324211
0.280000 10.324211
0.280000 12.976560
0.280000 15.636681
0.280000 18.137461
0.280000 18.137461
0.280000 21.578202
0.280000 22.777046

0.300000 -13.589999
0.300000 -1.769015
0.300000 -0.196305
0.300000 -0.196305
0.300000 4.151155
0.300000 7.804134
0.300000 8.036138
0.300000 8.036138
0.300000 10.264435
0.300000 10.264435
0.300000 13.084402
0.300000 15.316313
0.300000 17.751912
0.300000 17.751912
0.300000 21.109758
0.300000 23.367757

0.320000 -13.619792
0.320000 -1.547249
0.320000 -0.166890
0.320000 -0.166890
0.320000 4.025750
0.320000 7.686834
0.320000 8.000648
0.320000 8.000648
0.320000 10.241649
0.320000 10.241649
0.320000 13.159428
0.320000 15.059237
0.320000 17.386282
0.320000 17.386282
0.320000 20.650000
0.320000 23.983178

0.340000 -13.647492
0.340000 -1.321645
0.340000 -0.138535
0.340000 -0.138535
0.340000 3.873825
0.340000 7.609247
0.340000 7.951381
0.340000 7.951381
0.340000 10.251146
0.340000 10.251146
0.340000 13.178245
0.340000 14.891504
0.340000 17.043409
0.340000 17.043409
0.340000 20.206128
0.340000 24.615600

0.360000 -13.672751
0.360000 -1.094978
0.360000 -0.111799
0.360000 -0.111799
0.360000 3.700230
0.360000 7.566549
0.360000 7.893289
0.360000 7.893289
0.360000 10.286171
0.360000 10.286171
0.360000 13.124904
0.360000 14.830990
0.360000 16.726266
0.360000 16.726266
0.360000 19.781277
0.360000 25.262508

0.380000 -13.695262
0.380000 -0.870863
0.380000 -0.087237
0.380000 -0.087237
0.380000 3.512055
0.380000 7.552057
0.380000 7.831761
0.380000 7.831761
0.380000 10.338964
0.380000 10.338964
0.380000 13.008758
0.380000 14.869522
0.380000 16.438183
0.380000 16.438183
0.380000 19.378555
0.380000 25.917845

0.400000 -13.714758
0.400000 -0.654159
0.400000 -0.065384
0.400000 -0.065384
0.400000 3.318132
0.400000 7.558124
0.400000 7.771784
0.400000 7.771784
0.400000 10.401563
0.400000 10.401563
0.400000 12.859156
0.400000 14.977816
0.400000 16.182962
0.400000 16.182962
0.400000 19.002172
0.400000 26.566988

0.420000 -13.731015
0.420000 -0.451547
0.420000 -0.046736
0.420000 -0.046736
0.420000 3.128918
0.420000 7.576898
0.420000 7.717521
0.420000 7.717521
0.420000 10.466242
0.420000 10.466242
0.420000 12.705427
0.420000 15.124605
0.420000 15.964867
0.420000 15.964867
0.420000 18.658489
0.420000 27.223311

0.440000 -13.743849
0.440000 -0.272193
0.440000 -0.031732
0.440000 -0.031732
0.440000 2.956768
0.440000 7.600898
0.440000 7.672222
0.440000 7.672222
0.440000 10.525769
0.440000 10.525769
0.440000 12.568525
0.440000 15.283400
0.440000 15.788473
0.440000 15.788473
0.440000 18.357553
0.440000 27.881151

0.460000 -13.753117
0.460000 -0.128127
0.460000 -0.020739
0.460000 -0.020739
0.460000 2.816159
0.460000 7.623483
0.460000 7.638268
0.460000 7.638268
0.460000 10.573693
0.460000 10.573693
0.460000 12.462144
0.460000 15.429126
0.460000 15.658321
0.460000 15.658321
0.460000 18.115062
0.460000 28.521738

0.480000 -13.758718
0.480000 -0.033301
0.480000 -0.014029
0.480000 -0.014029
0.480000 2.722746
0.480000 7.617275
0.480000 7.617275
0.480000 7.639352
0.480000 10.604775
0.480000 10.604775
0.480000 12.395005
0.480000 15.534533
0.480000 15.578382
0.480000 15.578382
0.480000 17.953222
0.480000 29.040802

0.500000 -13.760592
0.500000 -0.011774
0.500000 -0.011774
0.500000 0.000000
0.500000 2.689808
0.500000 7.610175
0.500000 7.610175
0.500000 7.645044
0.500000 10.615543
0.500000 10.615543
0.500000 12.372082
0.500000 15.551405
0.500000 15.551405
0.500000 15.573570
0.500000 17.895622
0.500000 29.076506

0.500000 -13.760592
0.500000 -0.011774
0.500000 -0.011774
0.500000 0.000000
0.500000 2.689808
0.500000 7.610175
0.500000 7.610175
0.500000 7.645044
0.500000 10.615543
0.500000 10.615543
0.500000 12.372082
0.500000 15.551405
0.500000 15.551405
0.500000 15.573570
0.500000 17.895622
0.500000 29.076506

0.520000 -13.759969
0.520000 -0.019349
0.520000 -0.013584
0.520000 -0.003402
0.520000 2.700936
0.520000 7.607593
0.520000 7.614210
0.520000 7.646476
0.520000 10.606620
0.520000 10.617191
0.520000 12.379752
0.520000 15.551438
0.520000 15.554409
0.520000 15.575291
0.520000 17.915046
0.520000 28.917582

0.540000 -13.758102
0.540000 -0.045076
0.540000 -0.018998
0.540000 -0.010125
0.540000 2.733843
0.540000 7.596183
0.540000 7.626297
0.540000 7.654546
0.540000 10.579971
0.540000 10.622134
0.540000 12.402766
0.540000 15.550427
0.540000 15.563421
0.540000 15.582014
0.540000 17.972630
0.540000 28.597015

0.560000 -13.754997
0.560000 -0.088247
0.560000 -0.027970
0.560000 -0.019531
0.560000 2.787190
0.560000 7.573171
0.560000 7.646385
0.560000 7.672358
0.560000 10.535977
0.560000 10.630370
0.560000 12.441097
0.560000 15.547859
0.560000 15.578436
0.560000 15.595465
0.560000 18.066454
0.560000 28.249521

0.580000 -13.750661
0.580000 -0.146378
0.580000 -0.040419
0.580000 -0.032144
0.580000 2.859025
0.580000 7.539711
0.580000 7.674393
0.580000 7.699270
0.580000 10.475327
0.580000 10.641895
0.580000 12.494624
0.580000 15.545398
0.580000 15.599452
0.580000 15.615637
0.580000 18.193749
0.580000 27.899839

0.600000 -13.745106
0.600000 -0.217120
0.600000 -0.056240
0.600000 -0.048033
0.600000 2.947078
0.600000 7.497228
0.600000 7.710205
0.600000 7.734515
0.600000 10.399049
0.600000 10.656703
0.600000 12.563057
0.600000 15.545136
0.600000 15.626460
0.600000 15.642178
0.600000 18.351337
0.600000 27.550677

0.620000 -13.738349
0.620000 -0.298221
0.620000 -0.075299
0.620000 -0.067119
0.620000 3.049014
0.620000 7.446896
0.620000 7.753682
0.620000 7.777667
0.620000 10.308500
0.620000 10.674786
0.620000 12.645910
0.620000 15.548830
0.620000 15.659452
0.620000 15.674889
0.620000 18.535997
0.620000 27.203222

0.640000 -13.730408
0.640000 -0.387606
0.640000 -0.097440
0.640000 -0.089264
0.640000 3.162605
0.640000 7.389803
0.640000 7.804657
0.640000 7.828441
0.640000 10.205308
0.640000 10.696135
0.640000 12.742510
0.640000 15.557816
0.640000 15.698415
0.640000 15.713667
0.640000 18.744690
0.640000 26.858100

0.660000 -13.721305
0.660000 -0.483449
0.660000 -0.122484
0.660000 -0.114301
0.660000 3.285811
0.660000 7.327001
0.660000 7.862941
0.660000 7.886595
0.660000 10.091286
0.660000 10.720738
0.660000 12.852046
0.660000 15.573041
0.660000 15.743332
0.660000 15.758454
0.660000 18.974678
0.660000 26.515689

0.680000 -13.711066
0.680000 -0.584189
0.680000 -0.150238
0.680000 -0.142039
0.680000 3.416800
0.680000 7.259513
0.680000 7.928327
0.680000 7.951893
0.680000 9.968352
0.680000 10.748582
0.680000 12.973623
0.680000 15.595126
0.680000 15.794183
0.680000 15.809205
0.680000 19.223545
0.680000 26.176254

0.700000 -13.699721
0.700000 -0.688520
0.700000 -0.180495
0.700000 -0.172274
0.700000 3.553921
0.700000 7.188327
0.700000 8.000595
0.700000 8.024101
0.700000 9.838452
0.700000 10.779652
0.700000 13.106314
0.700000 15.624443
0.700000 15.850942
0.700000 15.865883
0.700000 19.489180
0.700000 25.840006

0.720000 -13.687302
0.720000 -0.795363
0.720000 -0.213036
0.720000 -0.204790
0.720000 3.695665
0.720000 7.114387
0.720000 8.079511
0.720000 8.102976
0.720000 9.703518
0.720000 10.813930
0.720000 13.249200
0.720000 15.661183
0.720000 15.913574
0.720000 15.928447
0.720000 19.769728
0.720000 25.507145

0.740000 -13.673845
0.740000 -0.903828
0.740000 -0.247637
0.740000 -0.239363
0.740000 3.840607
0.740000 7.038595
0.740000 8.164836
0.740000 8.188273
0.740000 9.565446
0.740000 10.851395
0.740000 13.401395
0.740000 15.705421
0.740000 15.982038
0.740000 15.996851
0.740000 20.063531
0.740000 25.177887

0.760000 -13.659390
0.760000 -1.013182
0.760000 -0.284069
0.760000 -0.275766
0.760000 3.987349
0.760000 6.961814
0.760000 8.256324
0.760000 8.279744
0.760000 9.426094
0.760000 10.892024
0.760000 13.562055
0.760000 15.757159
0.760000 16.056281
0.760000 16.071038
0.760000 20.369047
0.760000 24.852504

0.780000 -13.643980
0.780000 -1.122821
0.780000 -0.322103
0.780000 -0.313770
0.780000 4.134454
0.780000 6.884882
0.780000 8.353729
0.780000 8.377138
0.780000 9.287306
0.780000 10.935791
0.780000 13.730388
0.780000 15.816362
0.780000 16.136238
0.780000 16.150941
0.780000 20.684729
0.780000 24.531385

0.800000 -13.627663
0.800000 -1.232243
0.800000 -0.361510
0.800000 -0.353146
0.800000 4.280382
0.800000 6.808620
0.800000 8.456804
0.800000 8.480208
0.800000 9.150948
0.800000 10.982667
0.800000 13.905643
0.800000 15.882980
0.800000 16.221826
0.800000 16.236478
0.800000 21.008832
0.800000 24.215158

0.820000 -13.610487
0.820000 -1.341031
0.820000 -0.402064
0.820000 -0.393669
0.820000 4.423423
0.820000 6.733850
0.820000 8.565307
0.820000 8.588703
0.820000 9.018954
0.820000 11.032618
0.820000 14.087112
0.820000 15.956962
0.820000 16.312942
0.820000 16.327543
0.820000 21.338966
0.820000 23.904978

0.840000 -13.592507
0.840000 -1.448833
0.840000 -0.443546
0.840000 -0.435119
0.840000 4.561628
0.840000 6.661399
0.840000 8.678999
0.840000 8.702356
0.840000 8.893410
0.840000 11.085608
0.840000 14.274115
0.840000 16.038264
0.840000 16.409457
0.840000 16.424005
0.840000 21.670949
0.840000 23.603342

0.860000 -13.573780
0.860000 -1.555348
0.860000 -0.485739
0.860000 -0.477282
0.860000 4.692752
0.860000 6.592099
0.860000 8.775982
0.860000 8.797649
0.860000 8.821517
0.860000 11.141594
0.860000 14.465992
0.860000 16.126848
0.860000 16.511204
0.860000 16.525702
0.860000 21.994887
0.860000 23.317012

0.880000 -13.554365
0.880000 -1.660321
0.880000 -0.528438
0.880000 -0.519951
0.880000 4.814234
0.880000 6.526753
0.880000 8.670545
0.880000 8.921032
0.880000 8.944590
0.880000 11.200531
0.880000 14.662091
0.880000 16.222683
0.880000 16.617976
0.880000 16.632422
0.880000 22.277452
0.880000 23.070963

0.900000 -13.534328
0.900000 -1.763529
0.900000 -0.571442
0.900000 -0.562927
0.900000 4.923245
0.900000 6.466054
0.900000 8.578765
0.900000 9.048933
0.900000 9.072489
0.900000 11.262366
0.900000 14.861764
0.900000 16.325729
0.900000 16.729506
0.900000 16.743901
0.900000 22.389955
0.900000 22.873887

0.920000 -13.513734
0.920000 -1.864779
0.920000 -0.614562
0.920000 -0.606019
0.920000 5.016869
0.920000 6.410422
0.920000 8.504004
0.920000 9.181146
0.920000 9.204722
0.920000 11.327040
0.920000 15.064354
0.920000 16.435917
0.920000 16.845446
0.920000 16.859793
0.920000 22.237658
0.920000 22.589323

0.940000 -13.492654
0.940000 -1.963898
0.940000 -0.657616
0.940000 -0.649047
0.940000 5.092465
0.940000 6.359779
0.940000 8.449515
0.940000 9.317475
0.940000 9.341079
0.940000 11.394489
0.940000 15.269196
0.940000 16.553111
0.940000 16.965344
0.940000 16.979650
0.940000 21.990355
0.940000 22.310161

0.960000 -13.471161
0.960000 -2.060733
0.960000 -0.700431
0.960000 -0.691837
0.960000 5.148168
0.960000 6.313298
0.960000 8.418442
0.960000 9.457733
0.960000 9.481371
0.960000 11.464638
0.960000 15.475621
0.960000 16.677053
0.960000 17.088602
0.960000 17.102884
0.960000 21.724441
0.960000 22.036951

0.980000 -13.449330
0.980000 -2.155144
0.980000 -0.742845
0.980000 -0.734228
0.980000 5.183397
0.980000 6.269334
0.980000 8.413421
0.980000 9.601745
0.980000 9.625420
0.980000 11.537404
0.980000 15.682966
0.980000 16.807266
0.980000 17.214413
0.980000 17.228709
0.980000 21.457129
0.980000 21.770432

1.000000 -13.427241
1.000000 -2.247004
1.000000 -0.784704
1.000000 -0.776064
1.000000 5.199064
1.000000 6.225667
1.000000 8.436113
1.000000 9.749344
1.000000 9.773059
1.000000 11.612694
1.000000 15.890599
1.000000 16.942901
1.000000 17.341678
1.000000 17.356073
1.000000 21.194504
1.000000 21.511607

1.020000 -13.404976
1.020000 -2.336196
1.020000 -0.825863
1.020000 -0.817203
1.020000 5.197365
1.020000 6.180078
1.020000 8.486856
1.020000 9.900374
1.020000 9.924132
1.020000 11.690403
1.020000 16.097951
1.020000 17.082507
1.020000 17.468874
1.020000 17.483554
1.020000 20.940359
1.020000 21.261867

1.040000 -13.382617
1.040000 -2.422609
1.040000 -0.866186
1.040000 -0.857507
1.040000 5.181226
1.040000 6.130957
1.040000 8.564610
1.040000 10.054690
1.040000 10.078492
1.040000 11.770412
1.040000 16.304552
1.040000 17.223653
1.040000 17.593857
1.040000 17.609238
1.040000 20.698429
1.040000 21.023158

1.060000 -13.360250
1.060000 -2.506142
1.060000 -0.905545
1.060000 -0.896849
1.060000 5.153713
1.060000 6.077630
1.060000 8.667228
1.060000 10.212153
1.060000 10.236001
1.060000 11.852586
1.060000 16.510058
1.060000 17.362342
1.060000 17.713576
1.060000 17.730608
1.060000 20.473418
1.060000 20.798232

1.080000 -13.337964
1.080000 -2.586695
1.080000 -0.943823
1.080000 -0.935111
1.080000 5.117629
1.080000 6.020311
1.080000 8.791907
1.080000 10.372635
1.080000 10.396529
1.080000 11.936772
1.080000 16.714251
1.080000 17.492105
1.080000 17.823684
1.080000 17.844519
1.080000 20.271806
1.080000 20.590955

1.100000 -13.315846
1.100000 -2.664175
1.100000 -0.980908
1.100000 -0.972180
1.100000 5.075336
1.100000 5.959825
1.100000 8.935650
1.100000 10.536015
1.100000 10.559955
1.100000 12.022797
1.100000 16.916958
1.100000 17.602923
1.100000 17.918100
1.100000 17.947382
1.100000 20.102488
1.100000 20.406560

1.120000 -13.293988
1.120000 -2.738494
1.120000 -1.016695
1.120000 -1.007955
1.120000 5.028737
1.120000 5.897303
1.120000 9.095588
1.120000 10.702177
1.120000 10.726164
1.120000 12.110462
1.120000 17.117717
1.120000 17.681134
1.120000 17.988785
1.120000 18.035257
1.120000 19.976672
1.120000 20.251454

1.140000 -13.272480
1.140000 -2.809563
1.140000 -1.051090
1.140000 -1.042338
1.140000 4.979338
1.140000 5.833933
1.140000 9.269170
1.140000 10.871012
1.140000 10.895045
1.140000 12.199542
1.140000 17.314328
1.140000 17.713959
1.140000 18.026365
1.140000 18.102666
1.140000 19.905845
1.140000 20.131413

1.160000 -13.251414
1.160000 -2.877300
1.160000 -1.084002
1.160000 -1.075240
1.160000 4.928333
1.160000 5.770825
1.160000 9.454215
1.160000 11.042415
1.160000 11.066492
1.160000 12.289780
1.160000 17.491053
1.160000 17.708506
1.160000 18.022411
1.160000 18.140607
1.160000 19.897443
1.160000 20.045780

1.180000 -13.230880
1.180000 -2.941623
1.180000 -1.115350
1.180000 -1.106579
1.180000 4.876681
1.180000 5.708936
1.180000 9.648911
1.180000 11.216283
1.180000 11.240402
1.180000 12.380880
1.180000 17.531835
1.180000 17.783033
1.180000 17.972951
1.180000 18.138652
1.180000 19.950970
1.180000 19.974448

1.200000 -13.210969
1.200000 -3.002454
1.200000 -1.145055
1.200000 -1.136277
1.200000 4.825170
1.200000 5.649056
1.200000 9.851771
1.200000 11.392512
1.200000 11.416670
1.200000 12.472506
1.200000 17.419305
1.200000 17.880541
1.200000 17.962605
1.200000 18.093512
1.200000 19.873976
1.200000 20.058392

1.220000 -13.191771
1.220000 -3.059717
1.220000 -1.173049
1.220000 -1.164265
1.220000 4.774462
1.220000 5.591811
1.220000 10.061577
1.220000 11.570994
1.220000 11.595188
1.220000 12.564272
1.220000 17.255508
1.220000 17.752713
1.220000 17.989156
1.220000 18.175775
1.220000 19.730213
1.220000 20.207912

1.240000 -13.173372
1.240000 -3.113338
1.240000 -1.199266
1.240000 -1.190477
1.240000 4.725126
1.240000 5.537679
1.240000 10.277330
1.240000 11.751616
1.240000 11.775841
1.240000 12.655735
1.240000 17.064204
1.240000 17.598508
1.240000 17.861169
1.240000 18.381946
1.240000 19.565983
1.240000 20.387147

1.260000 -13.155858
1.260000 -3.163248
1.260000 -1.223647
1.260000 -1.214855
1.260000 4.677662
1.260000 5.487022
1.260000 10.498208
1.260000 11.934248
1.260000 11.958498
1.260000 12.746393
1.260000 16.855480
1.260000 17.425957
1.260000 17.703648
1.260000 18.594515
1.260000 19.397483
1.260000 20.584139

1.280000 -13.139311
1.280000 -3.209378
1.280000 -1.246136
1.280000 -1.237343
1.280000 4.632517
1.280000 5.440098
1.280000 10.723521
1.280000 12.118739
1.280000 12.143008
1.280000 12.835672
1.280000 16.635442
1.280000 17.241254
1.280000 17.526682
1.280000 18.811269
1.280000 19.231710
1.280000 20.788494

1.300000 -13.123810
1.300000 -3.251664
1.300000 -1.266686
1.300000 -1.257892
1.300000 4.590087
1.300000 5.397090
1.300000 10.952681
1.300000 12.304900
1.300000 12.329183
1.300000 12.922929
1.300000 16.408089
1.300000 17.048908
1.300000 17.336845
1.300000 19.031860
1.300000 19.071989
1.300000 20.995646

1.320000 -13.109428
1.320000 -3.290046
1.320000 -1.285251
1.320000 -1.276458
1.320000 4.550729
1.320000 5.358117
1.320000 11.185174
1.320000 12.492478
1.320000 12.516781
1.320000 13.007449
1.320000 16.176155
1.320000 16.852173
1.320000 17.138787
1.320000 18.920293
1.320000 19.256148
1.320000 21.203473

1.340000 -13.096236
1.340000 -3.324468
1.340000 -1.301790
1.340000 -1.293000
1.340000 4.514763
1.340000 5.323259
1.340000 11.420530
1.340000 12.681104
1.340000 12.705471
1.340000 13.088471
1.340000 15.941613
1.340000 16.653465
1.340000 16.935826
1.340000 18.778077
1.340000 19.483967
1.340000 21.415756

1.360000 -13.084297
1.360000 -3.354877
1.360000 -1.316269
1.360000 -1.307483
1.360000 4.482471
1.360000 5.292560
1.360000 11.658291
1.360000 12.870161
1.360000 12.894777
1.360000 13.165280
1.360000 15.706011
1.360000 16.454691
1.360000 16.730412
1.360000 18.646593
1.360000 19.715033
1.360000 21.634723

1.380000 -13.073670
1.380000 -3.381226
1.380000 -1.328653
1.380000 -1.319873
1.380000 4.454101
1.380000 5.266043
1.380000 11.897972
1.380000 13.058208
1.380000 13.083974
1.380000 13.237719
1.380000 15.470734
1.380000 16.257520
1.380000 16.524475
1.380000 18.527022
1.380000 19.948852
1.380000 21.857348

1.400000 -13.064405
1.400000 -3.403473
1.400000 -1.338917
1.400000 -1.330144
1.400000 4.429866
1.400000 5.243717
1.400000 12.138994
1.400000 13.237128
1.400000 13.271879
1.400000 13.311935
1.400000 15.237309
1.400000 16.063640
1.400000 16.319719
1.400000 18.420527
1.400000 20.184588
1.400000 22.080136

1.420000 -13.056548
1.420000 -3.421582
1.420000 -1.347035
1.420000 -1.338270
1.420000 4.409947
1.420000 5.225584
1.420000 12.380552
1.420000 13.341606
1.420000 13.450711
1.420000 13.456388
1.420000 15.007902
1.420000 15.875058
1.420000 16.117915
1.420000 18.328254
1.420000 20.420793
1.420000 22.282522

1.440000 -13.050135
1.440000 -3.435520
1.440000 -1.352986
1.440000 -1.344232
1.440000 4.394491
1.440000 5.211642
1.440000 12.621327
1.440000 13.393305
1.440000 13.628905
1.440000 13.633300
1.440000 14.786519
1.440000 15.694588
1.440000 15.921302
1.440000 18.251314
1.440000 20.654835
1.440000 22.391549

1.460000 -13.045196
1.460000 -3.445265
1.460000 -1.356755
1.460000 -1.348013
1.460000 4.383616
1.460000 5.201886
1.460000 12.858717
1.460000 13.430652
1.460000 13.792765
1.460000 13.802865
1.460000 14.582704
1.460000 15.526739
1.460000 15.733297
1.460000 18.190742
1.460000 20.881474
1.460000 22.349186

1.480000 -13.041750
1.480000 -3.450797
1.480000 -1.358328
1.480000 -1.349600
1.480000 4.377406
1.480000 5.196317
1.480000 13.086360
1.480000 13.455505
1.480000 13.907717
1.480000 13.962127
1.480000 14.424154
1.480000 15.379436
1.480000 15.559979
1.480000 18.147439
1.480000 21.088932
1.480000 22.234433

1.500000 -13.039812
1.500000 -3.452105
1.500000 -1.357694
1.500000 -1.348983
1.500000 4.375915
1.500000 5.194938
1.500000 13.284339
1.500000 13.467234
1.500000 13.928526
1.500000 14.092466
1.500000 14.368743
1.500000 15.266968
1.500000 15.413251
1.500000 18.122116
1.500000 21.247841
1.500000 22.119141

1.500000 -12.950861
1.500000 -3.394059
1.500000 -1.299732
1.500000 -0.837874
1.500000 4.555269
1.500000 5.545132
1.500000 13.539219
1.500000 13.740179
1.500000 13.852931
1.500000 14.283729
1.500000 15.032673
1.500000 15.618140
1.500000 15.721425
1.500000 18.249873
1.500000 21.405641
1.500000 22.190142

1.520000 -12.959257
1.520000 -3.397372
1.520000 -1.303546
1.520000 -0.902655
1.520000 4.570795
1.520000 5.599928
1.520000 13.352838
1.520000 13.530330
1.520000 13.579085
1.520000 14.228598
1.520000 15.235141
1.520000 15.804520
1.520000 15.925045
1.520000 18.299222
1.520000 21.292980
1.520000 22.077295

1.540000 -12.966971
1.540000 -3.395662
1.540000 -1.303401
1.540000 -0.983420
1.540000 4.596531
1.540000 5.685993
1.540000 13.112660
1.540000 13.292272
1.540000 13.316886
1.540000 14.140568
1.540000 15.458553
1.540000 16.029632
1.540000 16.158838
1.540000 18.379652
1.540000 21.128935
1.540000 21.939786

1.560000 -12.974078
1.560000 -3.389047
1.560000 -1.299350
1.560000 -1.077603
1.560000 4.629864
1.560000 5.803286
1.560000 12.847282
1.560000 13.041632
1.560000 13.059223
1.560000 14.023081
1.560000 15.695401
1.560000 16.278384
1.560000 16.407587
1.560000 18.486949
1.560000 20.929134
1.560000 21.788762

1.580000 -12.980667
1.580000 -3.377679
1.580000 -1.291461
1.580000 -1.182335
1.580000 4.668653
1.580000 5.950904
1.580000 12.574184
1.580000 12.786460
1.580000 12.801444
1.580000 13.881206
1.580000 15.939293
1.580000 16.541992
1.580000 16.663069
1.580000 18.616489
1.580000 20.709440
1.580000 21.622518

1.600000 -12.986843
1.600000 -3.361753
1.600000 -1.294650
1.600000 -1.279816
1.600000 4.711501
1.600000 6.126986
1.600000 12.301547
1.600000 12.531216
1.600000 12.543161
1.600000 13.719943
1.600000 16.185201
1.600000 16.815118
1.600000 16.919944
1.600000 18.763829
1.600000 20.482864
1.600000 21.438411

1.620000 -12.992723
1.620000 -3.341521
1.620000 -1.411626
1.620000 -1.264512
1.620000 4.757699
1.620000 6.328861
1.620000 12.033366
1.620000 12.278576
1.620000 12.285556
1.620000 13.543716
1.620000 16.428630
1.620000 17.094259
1.620000 17.173811
1.620000 18.925042
1.620000 20.259818
1.620000 21.236639

1.640000 -12.998439
1.640000 -3.317312
1.640000 -1.530470
1.640000 -1.245663
1.640000 4.807016
1.640000 6.553266
1.640000 11.772117
1.640000 12.030061
1.640000 12.030274
1.640000 13.356253
1.640000 16.664624
1.640000 17.376902
1.640000 17.420223
1.640000 19.096857
1.640000 20.049744
1.640000 21.020053

1.660000 -13.004131
1.660000 -3.289551
1.660000 -1.648539
1.660000 -1.223395
1.660000 4.859467
1.660000 6.796458
1.660000 11.519854
1.660000 11.778089
1.660000 11.787514
1.660000 13.160628
1.660000 16.886516
1.660000 17.654304
1.660000 17.661100
1.660000 19.276663
1.660000 19.862752
1.660000 20.793198

1.680000 -13.009950
1.680000 -3.258803
1.680000 -1.763318
1.680000 -1.197851
1.680000 4.915154
1.680000 7.054134
1.680000 11.278697
1.680000 11.531153
1.680000 11.551184
1.680000 12.959351
1.680000 17.084118
1.680000 17.871275
1.680000 17.945250
1.680000 19.462451
1.680000 19.710331
1.680000 20.562130

1.700000 -13.016051
1.700000 -3.225817
1.700000 -1.872368
1.700000 -1.169192
1.700000 4.974160
1.700000 7.321074
1.700000 11.051048
1.700000 11.291290
1.700000 11.321976
1.700000 12.754466
1.700000 17.241722
1.700000 18.068990
1.700000 18.227983
1.700000 19.602481
1.700000 19.652733
1.700000 20.336371

1.720000 -13.022594
1.720000 -3.191590
1.720000 -1.973237
1.720000 -1.137594
1.720000 5.036500
1.720000 7.590416
1.720000 10.839311
1.720000 11.062211
1.720000 11.100454
1.720000 12.547645
1.720000 17.339100
1.720000 18.252145
1.720000 18.508118
1.720000 19.534479
1.720000 19.846455
1.720000 20.136774

1.740000 -13.029740
1.740000 -3.157442
1.740000 -2.063373
1.740000 -1.103250
1.740000 5.102090
1.740000 7.852411
1.740000 10.643803
1.740000 10.852695
1.740000 10.887094
1.740000 12.340267
1.740000 17.361088
1.740000 18.431404
1.740000 18.784654
1.740000 19.459879
1.740000 20.013657
1.740000 20.042904

1.750000 -13.033590
1.750000 -3.140911
1.750000 -2.103571
1.750000 -1.085112
1.750000 5.136047
1.750000 7.976389
1.750000 10.550208
1.750000 10.761294
1.750000 10.783606
1.750000 12.236735
1.750000 17.343741
1.750000 18.521720
1.750000 18.921312
1.750000 19.397710
1.750000 20.000456
1.750000 20.142004

1.750000 -13.033590
1.750000 -3.140911
1.750000 -2.103571
1.750000 -1.085112
1.750000 5.136047
1.750000 7.976389
1.750000 10.550208
1.750000 10.761294
1.750000 10.783606
1.750000 12.236735
1.750000 17.343741
1.750000 18.521720
1.750000 18.921312
1.750000 19.397710
1.750000 20.000456
1.750000 20.142004

1.770000 -13.041938
1.770000 -3.110152
1.770000 -2.172441
1.770000 -1.047045
1.770000 5.206102
1.770000 8.198567
1.770000 10.361854
1.770000 10.583249
1.770000 10.626163
1.770000 12.030615
1.770000 17.261673
1.770000 18.696562
1.770000 19.190997
1.770000 19.227723
1.770000 20.061706
1.770000 20.341770

1.790000 -13.051275
1.790000 -3.084209
1.790000 -2.223562
1.790000 -1.006784
1.790000 5.278660
1.790000 8.367313
1.790000 10.164894
1.790000 10.392000
1.790000 10.580437
1.790000 11.826484
1.790000 17.132978
1.790000 18.785320
1.790000 19.105318
1.790000 19.455456
1.790000 20.184431
1.790000 20.543485

1.810000 -13.061739
1.810000 -3.064917
1.810000 -2.254460
1.810000 -0.964581
1.810000 5.353150
1.810000 8.462679
1.810000 9.963630
1.810000 10.210166
1.810000 10.639550
1.810000 11.625117
1.810000 16.974790
1.810000 18.624042
1.810000 19.213053
1.810000 19.714434
1.810000 20.301203
1.810000 20.747058

1.830000 -13.073454
1.830000 -3.053138
1.830000 -2.263770
1.830000 -0.920698
1.830000 5.428801
1.830000 8.480358
1.830000 9.764031
1.830000 10.038021
1.830000 10.801744
1.830000 11.427200
1.830000 16.798981
1.830000 18.366676
1.830000 19.398755
1.830000 19.967909
1.830000 20.276172
1.830000 20.952442

1.850000 -13.086528
1.850000 -3.048126
1.850000 -2.251858
1.850000 -0.875416
1.850000 5.504586
1.850000 8.434957
1.850000 9.569389
1.850000 9.875797
1.850000 11.049105
1.850000 11.233353
1.850000 16.613024
1.850000 18.081419
1.850000 19.581001
1.850000 20.003196
1.850000 20.216073
1.850000 21.018998

1.870000 -13.101044
1.870000 -3.047561
1.870000 -2.220782
1.870000 -0.829025
1.870000 5.579160
1.870000 8.348376
1.870000 9.381518
1.870000 9.723683
1.870000 11.044160
1.870000 11.357960
1.870000 16.421370
1.870000 17.777062
1.870000 19.541387
1.870000 19.855656
1.870000 20.459290
1.870000 21.180543

1.890000 -13.117066
1.890000 -3.048268
1.890000 -2.173560
1.890000 -0.781826
1.890000 5.650769
1.890000 8.239427
1.890000 9.201632
1.890000 9.581812
1.890000 10.860189
1.890000 11.708251
1.890000 16.226407
1.890000 17.455579
1.890000 19.189809
1.890000 20.012639
1.890000 20.698032
1.890000 21.373890

1.910000 -13.134631
1.910000 -3.047071
1.910000 -2.113321
1.910000 -0.734129
1.910000 5.717158
1.910000 8.121506
1.910000 9.030748
1.910000 9.450245
1.910000 10.682017
1.910000 12.085202
1.910000 16.028938
1.910000 17.119916
1.910000 18.839984
1.910000 20.177574
1.910000 20.932785
1.910000 21.575384

1.930000 -13.153748
1.930000 -3.041288
1.930000 -2.042797
1.930000 -0.686249
1.930000 5.775485
1.930000 8.003915
1.930000 8.869896
1.930000 9.328947
1.930000 10.510262
1.930000 12.477132
1.930000 15.828383
1.930000 16.776899
1.930000 18.519897
1.930000 20.319362
1.930000 21.163911
1.930000 21.776092

1.950000 -13.174397
1.950000 -3.028868
1.950000 -1.964188
1.950000 -0.638502
1.950000 5.822306
1.950000 7.893414
1.950000 8.720260
1.950000 9.217753
1.950000 10.345620
1.950000 12.872109
1.950000 15.623267
1.950000 16.438688
1.950000 18.232893
1.950000 20.420661
1.950000 21.391430
1.950000 21.970054

1.970000 -13.196533
1.970000 -3.008332
1.970000 -1.879217
1.970000 -0.591201
1.970000 5.853734
1.970000 7.795051
1.970000 8.583335
1.970000 9.116325
1.970000 10.188906
1.970000 13.252608
1.970000 15.414294
1.970000 16.122783
1.970000 17.978584
1.970000 20.460203
1.970000 21.614572
1.970000 22.151516

1.990000 -13.220080
1.990000 -2.978651
1.990000 -1.789246
1.990000 -0.544655
1.990000 5.865877
1.990000 7.712211
1.990000 8.461107
1.990000 9.024093
1.990000 10.041117
1.990000 13.583490
1.990000 15.216667
1.990000 15.849275
1.990000 17.756958
1.990000 20.415994
1.990000 21.830665
1.990000 22.316314

2.010000 -13.244936
2.010000 -2.939144
2.010000 -1.695385
2.010000 -0.499158
2.010000 5.855600
2.010000 7.646040
2.010000 8.356256
2.010000 8.940179
2.010000 9.903499
2.010000 13.788202
2.010000 15.083749
2.010000 15.638348
2.010000 17.571271
2.010000 20.277391
2.010000 22.031735
2.010000 22.468114

2.030000 -13.270974
2.030000 -2.889384
2.030000 -1.598570
2.030000 -0.454991
2.030000 5.821351
2.030000 7.594734
2.030000 8.272239
2.030000 8.863329
2.030000 9.777619
2.030000 13.772370
2.030000 15.058089
2.030000 15.531906
2.030000 17.431845
2.030000 20.054220
2.030000 22.192037
2.030000 22.620945

2.050000 -13.298044
2.050000 -2.829143
2.050000 -1.499625
2.050000 -0.412411
2.050000 5.763594
2.050000 7.553596
2.050000 8.212908
2.050000 8.791860
2.050000 9.665405
2.050000 13.565331
2.050000 15.016415
2.050000 15.600829
2.050000 17.362284
2.050000 19.769970
2.050000 22.229577
2.050000 22.787924

2.070000 -13.325978
2.070000 -2.758344
2.070000 -1.399303
2.070000 -0.371653
2.070000 5.684537
2.070000 7.516686
2.070000 8.181169
2.070000 8.723701
2.070000 9.569106
2.070000 13.268076
2.070000 14.909914
2.070000 15.752332
2.070000 17.403875
2.070000 19.448746
2.070000 22.039140
2.070000 22.972594

2.090000 -13.354588
2.090000 -2.677033
2.090000 -1.298310
2.090000 -0.332917
2.090000 5.587338
2.090000 7.479582
2.090000 8.177001
2.090000 8.656596
2.090000 9.491076
2.090000 12.938512
2.090000 14.786590
2.090000 15.843316
2.090000 17.594546
2.090000 19.109195
2.090000 21.690416
2.090000 23.171085

2.110000 -13.383676
2.110000 -2.585357
2.110000 -1.197323
2.110000 -0.296375
2.110000 5.475284
2.110000 7.441140
2.110000 8.196487
2.110000 8.588517
2.110000 9.433361
2.110000 12.602263
2.110000 14.664120
2.110000 15.840542
2.110000 17.924481
2.110000 18.765098
2.110000 21.284063
2.110000 23.372352

2.130000 -13.413031
2.130000 -2.483552
2.130000 -1.097001
2.130000 -0.262158
2.130000 5.351259
2.130000 7.402896
2.130000 8.232862
2.130000 8.518142
2.130000 9.397205
2.130000 12.272386
2.130000 14.546571
2.130000 15.772439
2.130000 18.320414
2.130000 18.454597
2.130000 20.860065
2.130000 23.529670

2.150000 -13.442436
2.150000 -2.371937
2.150000 -0.997988
2.150000 -0.230363
2.150000 5.217535
2.150000 7.367375
2.150000 8.278336
2.150000 8.445147
2.150000 9.382753
2.150000 11.957191
2.150000 14.434280
2.150000 15.669715
2.150000 18.079975
2.150000 18.849122
2.150000 20.433196
2.150000 23.418632

2.170000 -13.471672
2.170000 -2.250904
2.170000 -0.900915
2.170000 -0.201046
2.170000 5.075783
2.170000 7.336915
2.170000 8.325190
2.170000 8.370124
2.170000 9.389122
2.170000 11.663162
2.170000 14.326082
2.170000 15.551123
2.170000 17.763837
2.170000 19.371331
2.170000 20.009993
2.170000 23.050250

2.190000 -13.500518
2.190000 -2.120928
2.190000 -0.806397
2.190000 -0.174226
2.190000 4.927174
2.190000 7.313262
2.190000 8.294220
2.190000 8.366089
2.190000 9.414752
2.190000 11.396121
2.190000 14.219755
2.190000 15.427801
2.190000 17.464712
2.190000 19.593954
2.190000 19.920599
2.190000 22.633129

2.210000 -13.528757
2.210000 -1.982566
2.210000 -0.715029
2.210000 -0.149888
2.210000 4.772516
2.210000 7.297562
2.210000 8.218753
2.210000 8.394177
2.210000 9.457773
2.210000 11.161556
2.210000 14.112085
2.210000 15.307739
2.210000 17.187037
2.210000 19.187317
2.210000 20.487886
2.210000 22.212159

2.230000 -13.556173
2.230000 -1.836473
2.230000 -0.627383
2.230000 -0.127982
2.230000 4.612395
2.230000 7.290452
2.230000 8.144959
2.230000 8.403446
2.230000 9.516241
2.230000 10.964299
2.230000 13.999077
2.230000 15.198062
2.230000 16.933308
2.230000 18.791776
2.230000 21.060166
2.230000 21.806437

2.250000 -13.582563
2.250000 -1.683416
2.250000 -0.543995
2.250000 -0.108430
2.250000 4.447300
2.250000 7.292147
2.250000 8.073882
2.250000 8.389592
2.250000 9.588224
2.250000 10.807621
2.250000 13.876639
2.250000 15.105638
2.250000 16.704864
2.250000 18.408814
2.250000 21.315477
2.250000 21.739353

2.270000 -13.607727
2.270000 -1.524308
2.270000 -0.465366
2.270000 -0.091131
2.270000 4.277754
2.270000 7.302498
2.270000 8.006360
2.270000 8.351142
2.270000 9.671794
2.270000 10.692058
2.270000 13.741815
2.270000 15.036459
2.270000 16.501955
2.270000 18.039883
2.270000 20.949164
2.270000 22.316110

2.290000 -13.631481
2.290000 -1.360239
2.290000 -0.391951
2.290000 -0.075963
2.290000 4.104434
2.290000 7.321021
2.290000 7.943046
2.290000 8.290135
2.290000 9.764966
2.290000 10.614685
2.290000 13.594048
2.290000 14.994535
2.290000 16.323873
2.290000 17.686529
2.290000 20.563311
2.290000 22.935129

2.310000 -13.653650
2.310000 -1.192540
2.310000 -0.324155
2.310000 -0.062792
2.310000 3.928297
2.310000 7.346898
2.310000 7.884442
2.310000 8.211683
2.310000 9.865619
2.310000 10.569545
2.310000 13.435626
2.310000 14.981302
2.310000 16.169204
2.310000 17.350481
2.310000 20.186858
2.310000 23.568163

2.330000 -13.674074
2.330000 -1.022856
2.330000 -0.262330
2.330000 -0.051475
2.330000 3.750707
2.330000 7.378983
2.330000 7.830937
2.330000 8.122554
2.330000 9.971417
2.330000 10.549077
2.330000 13.271067
2.330000 14.995906
2.330000 16.036145
2.330000 17.033738
2.330000 19.823960
2.330000 24.212063

2.350000 -13.692605
2.350000 -0.853263
2.350000 -0.206774
2.350000 -0.041867
2.350000 3.573575
2.350000 7.415794
2.350000 7.782826
2.350000 8.029619
2.350000 10.079722
2.350000 10.545692
2.350000 13.106032
2.350000 15.035906
2.350000 15.922789
2.350000 16.738640
2.350000 19.477268
2.350000 24.865606

2.370000 -13.709112
2.370000 -0.686416
2.370000 -0.157733
2.370000 -0.033826
2.370000 3.399522
2.370000 7.455521
2.370000 7.740340
2.370000 7.938842
2.370000 10.187523
2.370000 10.552824
2.370000 12.946420
2.370000 15.097769
2.370000 15.827339
2.370000 16.467942
2.370000 19.149626
2.370000 25.527927

2.390000 -13.723479
2.390000 -0.525752
2.390000 -0.115401
2.390000 -0.027217
2.390000 3.232066
2.390000 7.496040
2.390000 7.703654
2.390000 7.854917
2.390000 10.291390
2.390000 10.565332
2.390000 12.797854
2.390000 15.176963
2.390000 15.748223
2.390000 16.224854
2.390000 18.844658
2.390000 26.198083

2.410000 -13.735605
2.410000 -0.375724
2.410000 -0.079922
2.410000 -0.021915
2.410000 3.075827
2.410000 7.534957
2.410000 7.672904
2.410000 7.781341
2.410000 10.387481
2.410000 10.579491
2.410000 12.665444
2.410000 15.267663
2.410000 15.684149
2.410000 16.013030
2.410000 18.567292
2.410000 26.874578

2.430000 -13.745408
2.430000 -0.242010
2.430000 -0.051392
2.430000 -0.017812
2.430000 2.936698
2.430000 7.569631
2.430000 7.648194
2.430000 7.720714
2.430000 10.471643
2.430000 10.592781
2.430000 12.553682
2.430000 15.362211
2.430000 15.634117
2.430000 15.836470
2.430000 18.324358
2.430000 27.553944

2.450000 -13.752819
2.450000 -0.131554
2.450000 -0.029836
2.450000 -0.014817
2.450000 2.821809
2.450000 7.596953
2.450000 7.629599
2.450000 7.675371
2.450000 10.539645
2.450000 10.603641
2.450000 12.466348
2.450000 15.450501
2.450000 15.597477
2.450000 15.699277
2.450000 18.125160
2.450000 28.221623

2.470000 -13.757787
2.470000 -0.052278
2.470000 -0.014988
2.470000 -0.012860
2.470000 2.738987
2.470000 7.611728
2.470000 7.617174
2.470000 7.649431
2.470000 10.587583
2.470000 10.611203
2.470000 12.406411
2.470000 15.519528
2.470000 15.574437
2.470000 15.605264
2.470000 17.981411
2.470000 28.750005

2.490000 -13.760280
2.490000 -0.014601
2.490000 -0.011894
2.490000 -0.003437
2.490000 2.695373
2.490000 7.610953
2.490000 7.610995
2.490000 7.644872
2.490000 10.612399
2.490000 10.615058
2.490000 12.375918
2.490000 15.550212
2.490000 15.557426
2.490000 15.571109
2.490000 17.905355
2.490000 29.025985

2.500000 -13.760592
2.500000 -0.011774
2.500000 -0.011774
2.500000 0.000000
2.500000 2.689808
2.500000 7.610175
2.500000 7.610175
2.500000 7.645044
2.500000 10.615543
2.500000 10.615543
2.500000 12.372082
2.500000 15.551405
2.500000 15.551405
2.500000 15.573570
2.500000 17.895622
2.500000 29.076506

0.000000 0.250000 0.500000 1.000000 1.500000 1.625000 1.750000 2.125000 2.500000 
L


[-1,-1,-1]
\Gamma


[1,0,0]
X


[-1,-1,0]
K


[-1,-1,0]
\Gamma
