130 16
0.000000 -11.218636
0.000000 -3.267873
0.000000 -0.415088
0.000000 -0.415088
0.000000 3.630526
0.000000 6.681844
0.000000 6.681844
0.000000 9.817000
0.000000 11.654329
0.000000 11.654329
0.000000 11.671358
0.000000 12.703528
0.000000 14.361515
0.000000 14.361515
0.000000 20.195748
0.000000 21.155366

0.020000 -11.222914
0.020000 -3.261026
0.020000 -0.417622
0.020000 -0.417622
0.020000 3.629596
0.020000 6.681601
0.020000 6.681601
0.020000 9.772687
0.020000 11.357742
0.020000 11.523295
0.020000 11.523295
0.020000 13.051636
0.020000 14.501321
0.020000 14.501321
0.020000 19.666206
0.020000 21.585385

0.040000 -11.231389
0.040000 -3.236957
0.040000 -0.416797
0.040000 -0.416797
0.040000 3.633328
0.040000 6.687798
0.040000 6.687798
0.040000 9.695920
0.040000 11.071158
0.040000 11.335167
0.040000 11.335167
0.040000 13.430828
0.040000 14.722860
0.040000 14.722860
0.040000 19.128535
0.040000 21.097153

0.060000 -11.243917
0.060000 -3.195881
0.060000 -0.412688
0.060000 -0.412688
0.060000 3.641385
0.060000 6.700090
0.060000 6.700090
0.060000 9.567380
0.060000 10.847671
0.060000 11.112742
0.060000 11.112742
0.060000 13.821993
0.060000 15.003452
0.060000 15.003452
0.060000 18.605175
0.060000 20.612616

0.080000 -11.260261
0.080000 -3.138133
0.080000 -0.405396
0.080000 -0.405396
0.080000 3.653255
0.080000 6.717949
0.080000 6.717949
0.080000 9.374353
0.080000 10.705506
0.080000 10.873166
0.080000 10.873166
0.080000 14.214651
0.080000 15.326035
0.080000 15.326035
0.080000 18.105439
0.080000 20.136904

0.100000 -11.280106
0.100000 -3.064161
0.100000 -0.395049
0.100000 -0.395049
0.100000 3.668222
0.100000 6.740631
0.100000 6.740631
0.100000 9.124837
0.100000 10.628099
0.100000 10.628099
0.100000 10.639496
0.100000 14.594903
0.100000 15.678849
0.100000 15.678849
0.100000 17.642572
0.100000 19.672636

0.120000 -11.303063
0.120000 -2.974516
0.120000 -0.381805
0.120000 -0.381805
0.120000 3.685316
0.120000 6.767135
0.120000 6.767135
0.120000 8.840188
0.120000 10.385478
0.120000 10.385478
0.120000 10.630283
0.120000 14.934016
0.120000 16.053198
0.120000 16.053198
0.120000 17.245073
0.120000 19.222530

0.140000 -11.328695
0.140000 -2.869842
0.140000 -0.365848
0.140000 -0.365848
0.140000 3.703244
0.140000 6.796150
0.140000 6.796150
0.140000 8.539859
0.140000 10.151050
0.140000 10.151050
0.140000 10.660173
0.140000 15.165532
0.140000 16.440411
0.140000 16.440411
0.140000 16.979443
0.140000 18.791479

0.160000 -11.356519
0.160000 -2.750862
0.160000 -0.347396
0.160000 -0.347396
0.160000 3.720309
0.160000 6.826000
0.160000 6.826000
0.160000 8.237047
0.160000 9.929372
0.160000 9.929372
0.160000 10.717771
0.160000 15.184901
0.160000 16.824636
0.160000 16.824636
0.160000 16.950448
0.160000 18.392979

0.180000 -11.386033
0.180000 -2.618375
0.180000 -0.326700
0.180000 -0.326700
0.180000 3.734318
0.180000 6.854593
0.180000 6.854593
0.180000 7.940516
0.180000 9.724433
0.180000 9.724433
0.180000 10.796317
0.180000 14.980926
0.180000 17.147599
0.180000 17.147599
0.180000 17.169559
0.180000 18.083867

0.200000 -11.416722
0.200000 -2.473245
0.200000 -0.304043
0.200000 -0.304043
0.200000 3.742477
0.200000 6.879419
0.200000 6.879419
0.200000 7.656762
0.200000 9.539993
0.200000 9.539993
0.200000 10.891585
0.200000 14.658118
0.200000 17.190222
0.200000 17.190222
0.200000 17.532322
0.200000 18.082411

0.220000 -11.448070
0.220000 -2.316403
0.220000 -0.279745
0.220000 -0.279745
0.220000 3.741332
0.220000 6.897633
0.220000 6.897633
0.220000 7.391353
0.220000 9.379690
0.220000 9.379690
0.220000 11.000508
0.220000 14.293321
0.220000 16.925010
0.220000 16.925010
0.220000 17.960584
0.220000 18.415737

0.240000 -11.479577
0.240000 -2.148856
0.240000 -0.254159
0.240000 -0.254159
0.240000 3.726807
0.240000 6.906313
0.240000 6.906313
0.240000 7.149565
0.240000 9.246890
0.240000 9.246890
0.240000 11.120216
0.240000 13.921018
0.240000 16.583385
0.240000 16.583385
0.240000 18.409514
0.240000 18.852405

0.260000 -11.510757
0.260000 -1.971693
0.260000 -0.227675
0.260000 -0.227675
0.260000 3.694451
0.260000 6.902924
0.260000 6.902924
0.260000 6.936506
0.260000 9.144279
0.260000 9.144279
0.260000 11.247075
0.260000 13.558356
0.260000 16.233295
0.260000 16.233295
0.260000 18.724902
0.260000 19.197227

0.280000 -11.541155
0.280000 -1.786118
0.280000 -0.200715
0.280000 -0.200715
0.280000 3.640003
0.280000 6.756748
0.280000 6.885941
0.280000 6.885941
0.280000 9.073254
0.280000 9.073254
0.280000 11.375022
0.280000 13.218070
0.280000 15.890622
0.280000 15.890622
0.280000 18.461802
0.280000 19.537633

0.300000 -11.570343
0.300000 -1.593489
0.300000 -0.173733
0.300000 -0.173733
0.300000 3.560271
0.300000 6.613565
0.300000 6.855395
0.300000 6.855395
0.300000 9.033374
0.300000 9.033374
0.300000 11.491814
0.300000 12.916359
0.300000 15.561285
0.300000 15.561285
0.300000 18.059381
0.300000 20.044115

0.320000 -11.597931
0.320000 -1.395380
0.320000 -0.147206
0.320000 -0.147206
0.320000 3.454102
0.320000 6.508059
0.320000 6.813041
0.320000 6.813041
0.320000 9.022160
0.320000 9.022160
0.320000 11.570784
0.320000 12.682704
0.320000 15.248692
0.320000 15.248692
0.320000 17.652761
0.320000 20.580208

0.340000 -11.623561
0.340000 -1.193690
0.340000 -0.121630
0.340000 -0.121630
0.340000 3.323012
0.340000 6.438615
0.340000 6.762025
0.340000 6.762025
0.340000 9.035379
0.340000 9.035379
0.340000 11.566210
0.340000 12.565157
0.340000 14.955581
0.340000 14.955581
0.340000 17.254741
0.340000 21.132599

0.360000 -11.646917
0.360000 -0.990796
0.360000 -0.097509
0.360000 -0.097509
0.360000 3.171180
0.360000 6.401035
0.360000 6.706236
0.360000 6.706236
0.360000 9.067644
0.360000 9.067644
0.360000 11.456519
0.360000 12.587405
0.360000 14.684646
0.360000 14.684646
0.360000 16.868868
0.360000 21.697827

0.380000 -11.667718
0.380000 -0.789802
0.380000 -0.075345
0.380000 -0.075345
0.380000 3.004950
0.380000 6.389251
0.380000 6.649652
0.380000 6.649652
0.380000 9.113010
0.380000 9.113010
0.380000 11.284374
0.380000 12.708715
0.380000 14.438801
0.380000 14.438801
0.380000 16.497295
0.380000 22.274426

0.400000 -11.685724
0.400000 -0.594917
0.400000 -0.055620
0.400000 -0.055620
0.400000 2.832296
0.400000 6.396228
0.400000 6.595894
0.400000 6.595894
0.400000 9.165397
0.400000 9.165397
0.400000 11.098775
0.400000 12.881590
0.400000 14.221296
0.400000 14.221296
0.400000 16.142381
0.400000 22.861552

0.420000 -11.700730
0.420000 -0.412005
0.420000 -0.038784
0.420000 -0.038784
0.420000 2.662660
0.420000 6.414723
0.420000 6.548004
0.420000 6.548004
0.420000 9.218844
0.420000 9.218844
0.420000 10.926591
0.420000 13.079525
0.420000 14.035717
0.420000 14.035717
0.420000 15.807734
0.420000 23.458543

0.440000 -11.712572
0.440000 -0.249273
0.440000 -0.025235
0.440000 -0.025235
0.440000 2.507253
0.440000 6.437821
0.440000 6.508396
0.440000 6.508396
0.440000 9.267697
0.440000 9.267697
0.440000 10.781821
0.440000 13.285971
0.440000 13.885860
0.440000 13.885860
0.440000 15.499982
0.440000 24.064512

0.460000 -11.721121
0.460000 -0.117770
0.460000 -0.015306
0.460000 -0.015306
0.460000 2.379418
0.460000 6.459380
0.460000 6.478871
0.460000 6.478871
0.460000 9.306869
0.460000 9.306869
0.460000 10.672890
0.460000 13.482795
0.460000 13.775451
0.460000 13.775451
0.460000 15.232779
0.460000 24.676610

0.480000 -11.726287
0.480000 -0.030697
0.480000 -0.009245
0.480000 -0.009245
0.480000 2.293935
0.480000 6.460673
0.480000 6.460673
0.480000 6.474475
0.480000 9.332215
0.480000 9.332215
0.480000 10.605323
0.480000 13.638635
0.480000 13.707715
0.480000 13.707715
0.480000 15.035354
0.480000 25.211438

0.500000 -11.728015
0.500000 -0.007208
0.500000 -0.007208
0.500000 0.000000
0.500000 2.263668
0.500000 6.454528
0.500000 6.454528
0.500000 6.479882
0.500000 9.340986
0.500000 9.340986
0.500000 10.582427
0.500000 13.684871
0.500000 13.684871
0.500000 13.701802
0.500000 14.958421
0.500000 25.230255

0.500000 -11.728015
0.500000 -0.007208
0.500000 -0.007208
0.500000 0.000000
0.500000 2.263668
0.500000 6.454528
0.500000 6.454528
0.500000 6.479882
0.500000 9.340986
0.500000 9.340986
0.500000 10.582427
0.500000 13.684871
0.500000 13.684871
0.500000 13.701802
0.500000 14.958421
0.500000 25.230255

0.520000 -11.727441
0.520000 -0.014510
0.520000 -0.008798
0.520000 -0.002862
0.520000 2.273891
0.520000 6.452033
0.520000 6.458051
0.520000 6.481169
0.520000 9.333634
0.520000 9.342423
0.520000 10.590074
0.520000 13.675972
0.520000 13.687448
0.520000 13.701500
0.520000 14.984887
0.520000 25.031195

0.540000 -11.725717
0.540000 -0.039060
0.540000 -0.013556
0.540000 -0.008317
0.540000 2.304080
0.540000 6.441002
0.540000 6.468605
0.540000 6.488680
0.540000 9.311700
0.540000 9.346731
0.540000 10.612927
0.540000 13.645625
0.540000 13.695175
0.540000 13.707466
0.540000 15.060922
0.540000 24.733236

0.560000 -11.722850
0.560000 -0.079497
0.560000 -0.021438
0.560000 -0.016382
0.560000 2.352899
0.560000 6.419432
0.560000 6.486145
0.560000 6.504705
0.560000 9.275558
0.560000 9.353911
0.560000 10.650721
0.560000 13.601143
0.560000 13.708051
0.560000 13.719835
0.560000 15.178655
0.560000 24.429317

0.580000 -11.718847
0.580000 -0.133562
0.580000 -0.032375
0.580000 -0.027376
0.580000 2.418426
0.580000 6.388558
0.580000 6.510598
0.580000 6.528466
0.580000 9.225838
0.580000 9.363957
0.580000 10.703017
0.580000 13.551282
0.580000 13.726070
0.580000 13.737660
0.580000 15.329597
0.580000 24.124423

0.600000 -11.713718
0.600000 -0.199053
0.600000 -0.046271
0.600000 -0.041287
0.600000 2.498466
0.600000 6.349547
0.600000 6.541864
0.600000 6.559374
0.600000 9.163422
0.600000 9.376865
0.600000 10.769225
0.600000 13.502308
0.600000 13.749222
0.600000 13.760722
0.600000 15.506787
0.600000 23.820346

0.620000 -11.707477
0.620000 -0.273840
0.620000 -0.063008
0.620000 -0.058018
0.620000 2.590807
0.620000 6.303366
0.620000 6.579818
0.620000 6.597117
0.620000 9.089420
0.620000 9.392630
0.620000 10.848632
0.620000 13.458301
0.620000 13.777498
0.620000 13.788948
0.620000 15.705106
0.620000 23.517918

0.640000 -11.700141
0.640000 -0.355982
0.640000 -0.082445
0.640000 -0.077438
0.640000 2.693385
0.640000 6.250930
0.640000 6.624312
0.640000 6.641474
0.640000 9.005130
0.640000 9.411242
0.640000 10.940445
0.640000 13.421706
0.640000 13.810882
0.640000 13.822302
0.640000 15.920891
0.640000 23.217592

0.660000 -11.691731
0.660000 -0.443796
0.660000 -0.104425
0.660000 -0.099395
0.660000 2.804354
0.660000 6.193132
0.660000 6.675180
0.660000 6.692245
0.660000 8.911989
0.660000 9.432694
0.660000 11.043834
0.660000 13.393855
0.660000 13.849354
0.660000 13.860757
0.660000 16.151480
0.660000 22.919653

0.680000 -11.682268
0.680000 -0.535866
0.680000 -0.128775
0.680000 -0.123717
0.680000 2.922091
0.680000 6.130835
0.680000 6.732241
0.680000 6.749233
0.680000 8.811521
0.680000 9.456974
0.680000 11.157967
0.680000 13.375359
0.680000 13.892893
0.680000 13.904284
0.680000 16.394874
0.680000 22.624306

0.700000 -11.671779
0.700000 -0.631023
0.700000 -0.155312
0.700000 -0.150222
0.700000 3.045172
0.700000 6.064857
0.700000 6.795299
0.700000 6.812233
0.700000 8.705297
0.700000 9.484069
0.700000 11.282042
0.700000 13.366377
0.700000 13.941466
0.700000 13.952850
0.700000 16.649512
0.700000 22.331720

0.720000 -11.660293
0.720000 -0.728311
0.720000 -0.183842
0.720000 -0.178717
0.720000 3.172328
0.720000 5.995968
0.720000 6.864151
0.720000 6.881036
0.720000 8.594902
0.720000 9.513965
0.720000 11.415300
0.720000 13.366793
0.720000 13.995039
0.720000 14.006417
0.720000 16.914114
0.720000 22.042061

0.740000 -11.647844
0.740000 -0.826953
0.740000 -0.214168
0.740000 -0.209006
0.740000 3.302392
0.740000 5.924883
0.740000 6.938585
0.740000 6.955429
0.740000 8.481913
0.740000 9.546645
0.740000 11.557039
0.740000 13.376336
0.740000 14.053563
0.740000 14.064937
0.740000 17.187567
0.740000 21.755517

0.760000 -11.634465
0.760000 -0.926310
0.760000 -0.246086
0.760000 -0.240887
0.760000 3.434250
0.760000 5.852264
0.760000 7.018387
0.760000 7.035195
0.760000 8.367899
0.760000 9.582090
0.760000 11.706616
0.760000 13.394657
0.760000 14.116981
0.760000 14.128354
0.760000 17.468829
0.760000 21.472337

0.780000 -11.620197
0.780000 -1.025863
0.780000 -0.279395
0.780000 -0.274157
0.780000 3.566794
0.780000 5.778729
0.780000 7.103342
0.780000 7.120118
0.780000 8.254423
0.780000 9.620279
0.780000 11.863442
0.780000 13.421378
0.780000 14.185223
0.780000 14.196593
0.780000 17.756804
0.780000 21.192887

0.800000 -11.605081
0.800000 -1.125180
0.800000 -0.313894
0.800000 -0.308616
0.800000 3.698866
0.800000 5.704861
0.800000 7.193234
0.800000 7.209981
0.800000 8.143063
0.800000 9.661187
0.800000 12.026981
0.800000 13.456127
0.800000 14.258200
0.800000 14.269566
0.800000 18.050149
0.800000 20.917779

0.820000 -11.589163
0.820000 -1.223904
0.820000 -0.349383
0.820000 -0.344067
0.820000 3.829206
0.820000 5.631226
0.820000 7.287852
0.820000 7.304572
0.820000 8.035433
0.820000 9.704787
0.820000 12.196738
0.820000 13.498557
0.820000 14.335800
0.820000 14.347162
0.820000 18.346855
0.820000 20.648163

0.840000 -11.572490
0.840000 -1.321732
0.840000 -0.385671
0.840000 -0.380316
0.840000 3.956396
0.840000 5.558395
0.840000 7.386988
0.840000 7.403680
0.840000 7.933221
0.840000 9.751050
0.840000 12.372252
0.840000 13.548360
0.840000 14.417884
0.840000 14.429239
0.840000 18.643137
0.840000 20.386546

0.860000 -11.555115
0.860000 -1.418409
0.860000 -0.422568
0.860000 -0.417175
0.860000 4.078796
0.860000 5.486975
0.860000 7.490441
0.860000 7.507096
0.860000 7.838218
0.860000 9.799940
0.860000 12.553077
0.860000 13.605275
0.860000 14.504276
0.860000 14.515620
0.860000 18.929741
0.860000 20.139629

0.880000 -11.537093
0.880000 -1.513715
0.880000 -0.459894
0.880000 -0.454463
0.880000 4.194480
0.880000 5.417648
0.880000 7.598016
0.880000 7.614576
0.880000 7.752390
0.880000 9.851420
0.880000 12.738765
0.880000 13.669104
0.880000 14.594752
0.880000 14.606079
0.880000 19.176241
0.880000 19.930558

0.900000 -11.518482
0.900000 -1.607459
0.900000 -0.497474
0.900000 -0.492008
0.900000 4.301168
0.900000 5.351229
0.900000 7.677104
0.900000 7.709525
0.900000 7.726625
0.900000 9.905446
0.900000 12.928833
0.900000 13.739731
0.900000 14.689025
0.900000 14.700326
0.900000 19.277241
0.900000 19.805080

0.920000 -11.499342
0.920000 -1.699473
0.920000 -0.535144
0.920000 -0.529643
0.920000 4.396186
0.920000 5.288735
0.920000 7.616042
0.920000 7.824791
0.920000 7.841570
0.920000 9.961971
0.920000 13.122710
0.920000 13.817159
0.920000 14.786721
0.920000 14.797981
0.920000 19.156685
0.920000 19.558917

0.940000 -11.479738
0.940000 -1.789606
0.940000 -0.572745
0.940000 -0.567210
0.940000 4.476486
0.940000 5.231430
0.940000 7.570312
0.940000 7.943641
0.940000 7.960382
0.940000 10.020940
0.940000 13.319637
0.940000 13.901595
0.940000 14.887349
0.940000 14.898549
0.940000 18.945409
0.940000 19.317884

0.960000 -11.459737
0.960000 -1.877724
0.960000 -0.610126
0.960000 -0.604559
0.960000 4.538843
0.960000 5.180775
0.960000 7.542347
0.960000 8.065915
0.960000 8.082644
0.960000 10.082293
0.960000 13.518453
0.960000 13.993640
0.960000 14.990257
0.960000 15.001365
0.960000 18.712578
0.960000 19.082588

0.980000 -11.439410
0.980000 -1.963702
0.980000 -0.647148
0.980000 -0.641550
0.980000 4.580416
0.980000 5.138066
0.980000 7.534069
0.980000 8.191459
0.980000 8.208186
0.980000 10.145960
0.980000 13.717116
0.980000 14.094733
0.980000 15.094563
0.980000 15.105528
0.980000 18.475307
0.980000 18.853853

1.000000 -11.418828
1.000000 -2.047428
1.000000 -0.683675
1.000000 -0.678048
1.000000 4.599824
1.000000 5.103614
1.000000 7.546872
1.000000 8.320129
1.000000 8.336860
1.000000 10.211866
1.000000 13.911632
1.000000 14.208184
1.000000 15.199058
1.000000 15.209802
1.000000 18.239276
1.000000 18.632803

1.020000 -11.398069
1.020000 -2.128792
1.020000 -0.719584
1.020000 -0.713930
1.020000 4.598244
1.020000 5.075867
1.020000 7.581415
1.020000 8.451787
1.020000 8.468528
1.020000 10.279922
1.020000 14.094444
1.020000 14.340708
1.020000 15.302062
1.020000 15.312456
1.020000 18.007390
1.020000 18.420998

1.040000 -11.377209
1.040000 -2.207695
1.040000 -0.754757
1.040000 -0.749077
1.040000 4.579380
1.040000 5.051551
1.040000 7.637513
1.040000 8.586306
1.040000 8.603061
1.040000 10.350029
1.040000 14.256557
1.040000 14.500185
1.040000 15.401215
1.040000 15.411054
1.040000 17.781940
1.040000 18.220621

1.060000 -11.356329
1.060000 -2.284041
1.060000 -0.789083
1.060000 -0.783378
1.060000 4.548022
1.060000 5.027086
1.060000 7.714175
1.060000 8.723565
1.060000 8.740338
1.060000 10.422077
1.060000 14.397908
1.060000 14.685075
1.060000 15.493194
1.060000 15.502157
1.060000 17.565425
1.060000 18.034720

1.080000 -11.335512
1.080000 -2.357736
1.080000 -0.822460
1.080000 -0.816733
1.080000 4.508504
1.080000 4.999931
1.080000 7.809796
1.080000 8.863448
1.080000 8.880243
1.080000 10.495936
1.080000 14.526889
1.080000 14.884485
1.080000 15.573383
1.080000 15.581039
1.080000 17.361083
1.080000 17.867454

1.100000 -11.314840
1.100000 -2.428692
1.100000 -0.854791
1.100000 -0.849044
1.100000 4.464080
1.100000 4.968971
1.100000 7.922404
1.100000 9.005847
1.100000 9.022668
1.100000 10.571462
1.100000 14.649504
1.100000 15.088102
1.100000 15.635647
1.100000 15.641752
1.100000 17.173361
1.100000 17.724118

1.120000 -11.294399
1.120000 -2.496820
1.120000 -0.885989
1.120000 -0.880223
1.120000 4.416988
1.120000 4.934198
1.120000 8.049910
1.120000 9.150658
1.120000 9.167509
1.120000 10.648489
1.120000 14.766938
1.120000 15.286258
1.120000 15.672605
1.120000 15.678825
1.120000 17.008409
1.120000 17.610376

1.140000 -11.274276
1.140000 -2.562038
1.140000 -0.915970
1.140000 -0.910186
1.140000 4.368733
1.140000 4.896256
1.140000 8.190293
1.140000 9.297782
1.140000 9.314667
1.140000 10.726828
1.140000 14.876106
1.140000 15.460755
1.140000 15.676991
1.140000 15.695908
1.140000 16.874857
1.140000 17.529393

1.160000 -11.254557
1.160000 -2.624261
1.160000 -0.944658
1.160000 -0.938858
1.160000 4.320338
1.160000 4.856069
1.160000 8.341712
1.160000 9.447119
1.160000 9.464043
1.160000 10.806261
1.160000 14.968002
1.160000 15.553055
1.160000 15.644175
1.160000 15.739514
1.160000 16.786064
1.160000 17.474390

1.180000 -11.235330
1.180000 -2.683408
1.180000 -0.971980
1.180000 -0.966166
1.180000 4.272524
1.180000 4.814621
1.180000 8.502550
1.180000 9.598573
1.180000 9.615541
1.180000 10.886539
1.180000 15.023144
1.180000 15.538948
1.180000 15.574338
1.180000 15.829417
1.180000 16.763057
1.180000 17.414693

1.200000 -11.216682
1.200000 -2.739401
1.200000 -0.997873
1.200000 -0.992046
1.200000 4.225825
1.200000 4.772833
1.200000 8.671428
1.200000 9.752044
1.200000 9.769061
1.200000 10.967374
1.200000 15.012749
1.200000 15.472283
1.200000 15.501872
1.200000 15.895174
1.200000 16.824834
1.200000 17.310921

1.220000 -11.198697
1.220000 -2.792162
1.220000 -1.022274
1.220000 -1.016436
1.220000 4.180652
1.220000 4.731517
1.220000 8.847182
1.220000 9.907427
1.220000 9.924497
1.220000 11.048439
1.220000 14.926760
1.220000 15.345084
1.220000 15.456064
1.220000 15.946814
1.220000 16.964291
1.220000 17.172467

1.240000 -11.181462
1.240000 -2.841615
1.240000 -1.045129
1.240000 -1.039282
1.240000 4.137345
1.240000 4.691354
1.240000 9.028836
1.240000 10.064607
1.240000 10.081737
1.240000 11.129352
1.240000 14.787149
1.240000 15.199721
1.240000 15.374696
1.240000 16.023426
1.240000 17.022807
1.240000 17.154922

1.260000 -11.165058
1.260000 -2.887688
1.260000 -1.066386
1.260000 -1.060531
1.260000 4.096190
1.260000 4.652905
1.260000 9.215572
1.260000 10.223453
1.260000 10.240649
1.260000 11.209680
1.260000 14.617658
1.260000 15.041922
1.260000 15.253288
1.260000 16.133946
1.260000 16.872535
1.260000 17.374936

1.280000 -11.149565
1.280000 -2.930311
1.280000 -1.086000
1.280000 -1.080139
1.280000 4.057440
1.280000 4.616618
1.280000 9.406703
1.280000 10.383810
1.280000 10.401079
1.280000 11.288923
1.280000 14.431877
1.280000 14.876008
1.280000 15.104756
1.280000 16.268733
1.280000 16.725942
1.280000 17.612078

1.300000 -11.135061
1.300000 -2.969416
1.300000 -1.103927
1.300000 -1.098061
1.300000 4.021323
1.300000 4.582846
1.300000 9.601639
1.300000 10.545485
1.300000 10.562835
1.300000 11.366514
1.300000 14.236937
1.300000 14.705144
1.300000 14.940359
1.300000 16.418927
1.300000 16.585181
1.300000 17.859807

1.320000 -11.121617
1.320000 -3.004939
1.320000 -1.120130
1.320000 -1.114261
1.320000 3.988046
1.320000 4.551864
1.320000 9.799867
1.320000 10.708223
1.320000 10.725665
1.320000 11.441815
1.320000 14.036842
1.320000 14.531680
1.320000 14.767011
1.320000 16.451647
1.320000 16.579118
1.320000 18.114286

1.340000 -11.109303
1.340000 -3.036822
1.340000 -1.134574
1.340000 -1.128703
1.340000 3.957797
1.340000 4.523884
1.340000 10.000925
1.340000 10.871677
1.340000 10.889227
1.340000 11.514116
1.340000 13.834068
1.340000 14.357434
1.340000 14.588878
1.340000 16.326452
1.340000 16.745904
1.340000 18.372781

1.360000 -11.098181
1.360000 -3.065009
1.360000 -1.147228
1.360000 -1.141358
1.360000 3.930746
1.360000 4.499065
1.360000 10.204370
1.360000 11.035339
1.360000 11.053032
1.360000 11.582660
1.360000 13.630345
1.360000 14.183928
1.360000 14.408654
1.360000 16.210620
1.360000 16.916749
1.360000 18.632671

1.380000 -11.088308
1.380000 -3.089451
1.380000 -1.158064
1.380000 -1.152196
1.380000 3.907048
1.380000 4.477528
1.380000 10.409742
1.380000 11.198410
1.380000 11.216340
1.380000 11.646702
1.380000 13.427097
1.380000 14.012593
1.380000 14.228285
1.380000 16.105157
1.380000 17.089288
1.380000 18.890444

1.400000 -11.079736
1.400000 -3.110101
1.400000 -1.167060
1.400000 -1.161195
1.400000 3.886835
1.400000 4.459363
1.400000 10.616504
1.400000 11.359506
1.400000 11.377969
1.400000 11.705701
1.400000 13.225799
1.400000 13.844972
1.400000 14.049417
1.400000 16.011080
1.400000 17.260817
1.400000 19.139902

1.420000 -11.072508
1.420000 -3.126922
1.420000 -1.174194
1.420000 -1.168335
1.420000 3.870224
1.420000 4.444638
1.420000 10.823915
1.420000 11.515765
1.420000 11.535900
1.420000 11.760014
1.420000 13.028437
1.420000 13.683001
1.420000 13.873748
1.420000 15.929419
1.420000 17.427774
1.420000 19.368167

1.440000 -11.066662
1.440000 -3.139880
1.440000 -1.179449
1.440000 -1.173597
1.440000 3.857310
1.440000 4.433401
1.440000 11.030748
1.440000 11.659183
1.440000 11.686377
1.440000 11.814205
1.440000 12.838436
1.440000 13.529436
1.440000 13.703453
1.440000 15.861185
1.440000 17.585081
1.440000 19.549339

1.460000 -11.062226
1.460000 -3.148949
1.460000 -1.182811
1.460000 -1.176967
1.460000 3.848169
1.460000 4.425691
1.460000 11.234495
1.460000 11.763453
1.460000 11.821770
1.460000 11.889523
1.460000 12.662997
1.460000 13.388617
1.460000 13.541891
1.460000 15.807334
1.460000 17.725318
1.460000 19.647300

1.480000 -11.059220
1.480000 -3.154111
1.480000 -1.184268
1.480000 -1.178435
1.480000 3.842856
1.480000 4.421537
1.480000 11.428586
1.480000 11.809316
1.480000 11.926146
1.480000 11.997308
1.480000 12.518974
1.480000 13.267789
1.480000 13.394991
1.480000 15.768711
1.480000 17.838025
1.480000 19.657914

1.500000 -11.057657
1.500000 -3.155352
1.500000 -1.183812
1.500000 -1.177992
1.500000 3.841404
1.500000 4.420963
1.500000 11.590155
1.500000 11.823153
1.500000 11.980491
1.500000 12.098657
1.500000 12.437232
1.500000 13.178909
1.500000 13.273948
1.500000 15.745989
1.500000 17.910338
1.500000 19.635227

1.500000 -10.989492
1.500000 -3.105414
1.500000 -1.127220
1.500000 -0.757129
1.500000 3.985014
1.500000 4.715163
1.500000 11.816511
1.500000 11.960383
1.500000 12.051814
1.500000 12.223518
1.500000 12.968194
1.500000 13.523926
1.500000 13.539906
1.500000 15.883647
1.500000 18.011784
1.500000 19.686028

1.520000 -10.996093
1.520000 -3.109412
1.520000 -1.130830
1.520000 -0.809392
1.520000 3.996570
1.520000 4.762299
1.520000 11.642102
1.520000 11.720061
1.520000 11.901483
1.520000 12.126857
1.520000 13.155346
1.520000 13.707257
1.520000 13.720717
1.520000 15.921672
1.520000 17.949594
1.520000 19.581572

1.540000 -11.002121
1.540000 -3.109410
1.540000 -1.131035
1.540000 -0.875381
1.540000 4.016465
1.540000 4.837537
1.540000 11.405765
1.540000 11.504776
1.540000 11.697262
1.540000 12.038509
1.540000 13.360095
1.540000 13.918183
1.540000 13.930606
1.540000 15.983971
1.540000 17.856628
1.540000 19.442292

1.560000 -11.007642
1.560000 -3.105545
1.560000 -1.127883
1.560000 -0.952858
1.560000 4.042432
1.560000 4.940900
1.560000 11.154447
1.560000 11.287964
1.560000 11.476303
1.560000 11.936684
1.560000 13.575707
1.560000 14.141937
1.560000 14.156818
1.560000 16.067762
1.560000 17.738139
1.560000 19.280180

1.580000 -11.012738
1.580000 -3.097989
1.580000 -1.121431
1.580000 -1.039289
1.580000 4.072731
1.580000 5.071541
1.580000 10.903308
1.580000 11.065660
1.580000 11.250789
1.580000 11.818653
1.580000 13.797014
1.580000 14.370837
1.580000 14.392802
1.580000 16.169938
1.580000 17.600768
1.580000 19.097615

1.600000 -11.017503
1.600000 -3.086962
1.600000 -1.132030
1.600000 -1.111751
1.600000 4.106342
1.600000 5.227711
1.600000 10.655355
1.600000 10.841273
1.600000 11.025527
1.600000 11.686233
1.600000 14.020198
1.600000 14.599888
1.600000 14.634771
1.600000 16.287428
1.600000 17.452076
1.600000 18.896159

1.620000 -11.022048
1.620000 -3.072740
1.620000 -1.228454
1.620000 -1.098925
1.620000 4.142835
1.620000 5.406993
1.620000 10.411662
1.620000 10.617814
1.620000 10.802936
1.620000 11.542044
1.620000 14.241911
1.620000 14.824796
1.620000 14.880235
1.620000 16.417439
1.620000 17.300346
1.620000 18.679028

1.640000 -11.026492
1.640000 -3.055668
1.640000 -1.326037
1.640000 -1.083051
1.640000 4.182134
1.640000 5.606562
1.640000 10.172867
1.640000 10.397642
1.640000 10.584436
1.640000 11.388656
1.640000 14.458365
1.640000 15.040991
1.640000 15.127358
1.640000 16.557576
1.640000 17.154968
1.640000 18.450290

1.660000 -11.030967
1.660000 -3.036173
1.660000 -1.422384
1.660000 -1.064236
1.660000 4.224313
1.660000 5.823328
1.660000 9.939482
1.660000 10.182826
1.660000 10.370960
1.660000 11.228361
1.660000 14.664074
1.660000 15.243246
1.660000 15.374655
1.660000 16.705878
1.660000 17.027426
1.660000 18.213682

1.680000 -11.035612
1.680000 -3.014780
1.680000 -1.515234
1.680000 -1.042603
1.680000 4.269465
1.680000 6.053902
1.680000 9.711989
1.680000 9.975514
1.680000 10.163176
1.680000 11.063134
1.680000 14.849626
1.680000 15.426646
1.680000 15.620852
1.680000 16.860798
1.680000 16.932324
1.680000 17.972103

1.700000 -11.040572
1.700000 -2.992131
1.700000 -1.602436
1.700000 -1.018287
1.700000 4.317639
1.700000 6.294354
1.700000 9.490887
1.700000 9.778351
1.700000 9.961588
1.700000 10.894656
1.700000 14.998400
1.700000 15.590952
1.700000 15.864829
1.700000 16.886223
1.700000 17.021154
1.700000 17.727586

1.720000 -11.045998
1.720000 -2.968985
1.720000 -1.681933
1.720000 -0.991438
1.720000 4.368806
1.720000 6.539692
1.720000 9.276702
1.720000 9.595082
1.720000 9.766600
1.720000 10.724350
1.720000 15.086985
1.720000 15.746973
1.720000 16.105603
1.720000 16.900670
1.720000 17.186068
1.720000 17.481528

1.740000 -11.052040
1.740000 -2.946207
1.740000 -1.751752
1.740000 -0.962218
1.740000 4.422845
1.740000 6.782922
1.740000 9.069984
1.740000 9.431543
1.740000 9.578543
1.740000 10.553426
1.740000 15.099964
1.740000 15.911120
1.740000 16.342343
1.740000 16.971719
1.740000 17.235707
1.740000 17.354900

1.750000 -11.055339
1.750000 -2.935244
1.750000 -1.782446
1.750000 -0.946774
1.750000 4.450876
1.750000 6.900642
1.750000 8.969590
1.750000 9.359951
1.750000 9.487201
1.750000 10.468064
1.750000 15.079862
1.750000 15.998565
1.750000 16.458988
1.750000 17.018159
1.750000 17.118179
1.750000 17.440633

1.750000 -11.055339
1.750000 -2.935244
1.750000 -1.782446
1.750000 -0.946774
1.750000 4.450876
1.750000 6.900642
1.750000 8.969590
1.750000 9.359951
1.750000 9.487201
1.750000 10.468064
1.750000 15.079862
1.750000 15.998565
1.750000 16.458988
1.750000 17.018159
1.750000 17.118179
1.750000 17.440633

1.770000 -11.062582
1.770000 -2.914732
1.770000 -1.834330
1.770000 -0.914334
1.770000 4.508773
1.770000 7.119235
1.770000 8.775011
1.770000 9.245655
1.770000 9.310043
1.770000 10.298124
1.770000 14.999331
1.770000 16.181635
1.770000 16.688517
1.770000 16.855663
1.770000 17.156926
1.770000 17.614496

1.790000 -11.070802
1.790000 -2.896734
1.790000 -1.872336
1.790000 -0.879991
1.790000 4.568770
1.790000 7.298641
1.790000 8.588922
1.790000 9.140423
1.790000 9.186130
1.790000 10.129929
1.790000 14.882346
1.790000 16.365028
1.790000 16.611689
1.790000 16.912781
1.790000 17.283646
1.790000 17.791284

1.810000 -11.080128
1.810000 -2.881702
1.810000 -1.895438
1.810000 -0.843955
1.810000 4.630330
1.810000 7.416334
1.810000 8.411318
1.810000 8.978509
1.810000 9.203688
1.810000 9.964246
1.810000 14.744271
1.810000 16.329926
1.810000 16.580564
1.810000 17.131690
1.810000 17.373838
1.810000 17.970700

1.830000 -11.090675
1.830000 -2.869564
1.830000 -1.903244
1.830000 -0.806448
1.830000 4.692750
1.830000 7.458897
1.830000 8.241954
1.830000 8.824423
1.830000 9.311849
1.830000 9.801782
1.830000 14.594759
1.830000 16.072819
1.830000 16.755386
1.830000 17.345386
1.830000 17.347754
1.830000 18.152451

1.850000 -11.102541
1.850000 -2.859635
1.850000 -1.896095
1.850000 -0.767704
1.850000 4.755121
1.850000 7.433527
1.850000 8.080578
1.850000 8.678238
1.850000 9.503582
1.850000 9.643210
1.850000 14.439736
1.850000 15.799539
1.850000 16.884436
1.850000 17.195657
1.850000 17.554211
1.850000 18.218771

1.870000 -11.115805
1.870000 -2.850678
1.870000 -1.874984
1.870000 -0.727968
1.870000 4.816280
1.870000 7.361052
1.870000 7.927199
1.870000 8.539962
1.870000 9.489193
1.870000 9.757948
1.870000 14.282920
1.870000 15.512242
1.870000 16.749190
1.870000 17.216358
1.870000 17.758645
1.870000 18.330003

1.890000 -11.130521
1.890000 -2.841100
1.890000 -1.841359
1.890000 -0.687492
1.890000 4.874755
1.890000 7.261754
1.890000 7.782229
1.890000 8.409528
1.890000 9.340407
1.890000 10.054006
1.890000 14.126727
1.890000 15.209701
1.890000 16.463463
1.890000 17.366633
1.890000 17.959225
1.890000 18.480878

1.910000 -11.146722
1.910000 -2.829206
1.910000 -1.796862
1.910000 -0.646536
1.910000 4.928704
1.910000 7.149912
1.910000 7.646490
1.910000 8.286776
1.910000 9.197569
1.910000 10.375987
1.910000 13.972796
1.910000 14.892993
1.910000 16.174691
1.910000 17.521408
1.910000 18.156438
1.910000 18.644728

1.930000 -11.164411
1.930000 -2.813401
1.930000 -1.743131
1.930000 -0.605364
1.930000 4.975866
1.930000 7.034643
1.930000 7.521176
1.930000 8.171432
1.930000 9.061460
1.930000 10.711857
1.930000 13.822315
1.930000 14.567058
1.930000 15.905248
1.930000 17.658638
1.930000 18.350583
1.930000 18.810398

1.950000 -11.183567
1.950000 -2.792305
1.950000 -1.681673
1.950000 -0.564240
1.950000 5.013577
1.950000 6.921756
1.950000 7.407845
1.950000 8.063084
1.950000 8.932952
1.950000 11.050023
1.950000 13.676378
1.950000 14.241264
1.950000 15.659084
1.950000 17.762090
1.950000 18.541565
1.950000 18.970496

1.970000 -11.204138
1.970000 -2.764799
1.970000 -1.613820
1.970000 -0.523429
1.970000 5.038877
1.970000 6.814973
1.970000 7.308413
1.970000 7.961167
1.970000 8.813021
1.970000 11.374686
1.970000 13.537007
1.970000 13.930155
1.970000 15.436077
1.970000 17.810060
1.970000 18.728484
1.970000 19.117592

1.990000 -11.226050
1.990000 -2.730021
1.990000 -1.540731
1.990000 -0.483189
1.990000 5.048806
1.990000 6.716483
1.990000 7.225087
1.990000 7.864959
1.990000 8.702762
1.990000 11.657399
1.990000 13.411549
1.990000 13.654956
1.990000 15.236343
1.990000 17.777973
1.990000 18.908703
1.990000 19.246207

2.010000 -11.249201
2.010000 -2.687337
2.010000 -1.463417
2.010000 -0.443770
2.010000 5.040880
2.010000 6.627154
2.010000 7.160112
2.010000 7.773593
2.010000 8.603358
2.010000 11.844180
2.010000 13.323327
2.010000 13.443313
2.010000 15.063101
2.010000 17.653766
2.010000 19.075291
2.010000 19.363070

2.030000 -11.273467
2.030000 -2.636311
2.030000 -1.382770
2.030000 -0.405408
2.030000 5.013630
2.030000 6.546742
2.030000 7.115231
2.030000 7.686114
2.030000 8.516035
2.030000 11.868714
2.030000 13.234928
2.030000 13.388760
2.030000 14.926807
2.030000 17.450334
2.030000 19.209246
2.030000 19.487307

2.050000 -11.298700
2.050000 -2.576668
2.050000 -1.299592
2.050000 -0.368324
2.050000 4.966964
2.050000 6.474353
2.050000 7.090984
2.050000 7.601569
2.050000 8.441958
2.050000 11.731530
2.050000 13.110349
2.050000 13.501382
2.050000 14.853133
2.050000 17.194825
2.050000 19.259668
2.050000 19.630293

2.070000 -11.324738
2.070000 -2.508269
2.070000 -1.214623
2.070000 -0.332717
2.070000 4.902120
2.070000 6.409059
2.070000 7.086174
2.070000 7.519128
2.070000 8.382110
2.070000 11.500440
2.070000 12.998479
2.070000 13.617454
2.070000 14.889312
2.070000 16.912211
2.070000 19.150115
2.070000 19.790338

2.090000 -11.351402
2.090000 -2.431092
2.090000 -1.128555
2.090000 -0.298764
2.090000 4.821239
2.090000 6.350345
2.090000 7.097840
2.090000 7.438197
2.090000 8.337176
2.090000 11.230424
2.090000 12.899642
2.090000 13.644619
2.090000 15.072056
2.090000 16.620670
2.090000 18.893136
2.090000 19.959075

2.110000 -11.378501
2.110000 -2.345209
2.110000 -1.042048
2.110000 -0.266613
2.110000 4.726795
2.110000 6.298198
2.110000 7.121705
2.110000 7.358480
2.110000 8.307465
2.110000 10.949867
2.110000 12.812616
2.110000 13.579908
2.110000 15.373704
2.110000 16.335818
2.110000 18.565803
2.110000 20.118820

2.130000 -11.405837
2.130000 -2.250778
2.130000 -0.955738
2.130000 -0.236385
2.130000 4.621137
2.130000 6.252944
2.130000 7.152734
2.130000 7.279982
2.130000 8.292911
2.130000 10.673496
2.130000 12.737024
2.130000 13.459346
2.130000 15.706419
2.130000 16.103964
2.130000 18.212653
2.130000 20.207721

2.150000 -11.433204
2.150000 -2.148033
2.150000 -0.870242
2.150000 -0.208169
2.150000 4.506237
2.150000 6.215051
2.150000 7.185554
2.150000 7.202943
2.150000 8.293122
2.150000 10.410292
2.150000 12.672917
2.150000 13.308297
2.150000 15.691141
2.150000 16.276944
2.150000 17.852020
2.150000 20.077918

2.170000 -11.460396
2.170000 -2.037279
2.170000 -0.786159
2.170000 -0.182026
2.170000 4.383623
2.170000 6.184973
2.170000 7.127757
2.170000 7.214677
2.170000 8.307462
2.170000 10.166829
2.170000 12.620396
2.170000 13.139342
2.170000 15.458157
2.170000 16.711567
2.170000 17.492025
2.170000 19.773731

2.190000 -11.487207
2.190000 -1.918896
2.190000 -0.704071
2.190000 -0.157983
2.190000 4.254408
2.190000 6.163064
2.190000 7.054882
2.190000 7.234696
2.190000 8.335118
2.190000 9.948566
2.190000 12.578975
2.190000 12.959461
2.190000 15.223295
2.190000 17.136857
2.190000 17.185765
2.190000 19.419679

2.210000 -11.513435
2.210000 -1.793336
2.210000 -0.624539
2.210000 -0.136038
2.210000 4.119386
2.210000 6.149539
2.210000 6.984783
2.210000 7.240625
2.210000 8.375157
2.210000 9.760117
2.210000 12.544556
2.210000 12.776806
2.210000 15.004104
2.210000 16.789053
2.210000 17.677399
2.210000 19.056101

2.230000 -11.538882
2.230000 -1.661138
2.230000 -0.548098
2.230000 -0.116165
2.230000 3.979132
2.230000 6.144448
2.230000 6.917895
2.230000 7.228532
2.230000 8.426539
2.230000 9.604874
2.230000 12.483752
2.230000 12.628067
2.230000 14.804060
2.230000 16.450415
2.230000 18.168323
2.230000 18.707180

2.250000 -11.563357
2.250000 -1.522939
2.250000 -0.475250
2.250000 -0.098312
2.250000 3.834118
2.250000 6.147655
2.250000 6.854602
2.250000 7.196379
2.250000 8.488124
2.250000 9.484272
2.250000 12.324254
2.250000 12.588795
2.250000 14.623968
2.250000 16.122427
2.250000 18.275089
2.250000 18.758347

2.270000 -11.586681
2.270000 -1.379497
2.270000 -0.406464
2.270000 -0.082405
2.270000 3.684819
2.270000 6.158821
2.270000 6.795236
2.270000 7.144695
2.270000 8.558647
2.270000 9.397162
2.270000 12.126713
2.270000 12.601732
2.270000 14.463511
2.270000 15.806474
2.270000 17.939936
2.270000 19.268170

2.290000 -11.608683
2.290000 -1.231728
2.290000 -0.342162
2.290000 -0.068356
2.290000 3.531831
2.290000 6.177389
2.290000 6.740075
2.290000 7.076596
2.290000 8.636688
2.290000 9.339817
2.290000 11.923588
2.290000 12.637928
2.290000 14.321777
2.290000 15.503975
2.290000 17.593697
2.290000 19.806287

2.310000 -11.629203
2.310000 -1.080750
2.310000 -0.282725
2.310000 -0.056064
2.310000 3.375977
2.310000 6.202552
2.310000 6.689354
2.310000 6.997009
2.310000 8.720636
2.310000 9.306731
2.310000 11.722350
2.310000 12.693377
2.310000 14.197558
2.310000 15.216479
2.310000 17.253369
2.310000 20.356128

2.330000 -11.648097
2.330000 -0.927958
2.330000 -0.228479
2.330000 -0.045420
2.330000 3.218430
2.330000 6.233242
2.330000 6.643265
2.330000 6.911517
2.330000 8.808636
2.330000 9.291794
2.330000 11.527253
2.330000 12.767075
2.330000 14.089565
2.330000 14.945740
2.330000 16.921900
2.330000 20.915249

2.350000 -11.665230
2.350000 -0.775120
2.350000 -0.179705
2.350000 -0.036314
2.350000 3.060839
2.350000 6.268105
2.350000 6.601965
2.350000 6.825394
2.350000 8.898545
2.350000 9.289285
2.350000 11.341902
2.350000 12.858275
2.350000 13.996560
2.350000 14.693786
2.350000 16.600993
2.350000 21.482627

2.370000 -11.680485
2.370000 -0.624523
2.370000 -0.136630
2.370000 -0.028633
2.370000 2.905481
2.370000 6.305501
2.370000 6.565586
2.370000 6.743069
2.370000 8.987887
2.370000 9.294424
2.370000 11.169700
2.370000 12.965854
2.370000 13.917432
2.370000 14.462973
2.370000 16.292337
2.370000 22.057514

2.390000 -11.693756
2.390000 -0.479159
2.390000 -0.099436
2.390000 -0.022274
2.390000 2.755446
2.390000 6.343515
2.390000 6.534232
2.390000 6.667988
2.390000 9.073830
2.390000 9.303525
2.390000 11.013954
2.390000 13.087940
2.390000 13.851232
2.390000 14.256016
2.390000 15.998092
2.390000 22.639090

2.410000 -11.704954
2.410000 -0.342967
2.410000 -0.068262
2.410000 -0.017137
2.410000 2.614843
2.410000 6.379992
2.410000 6.507986
2.410000 6.602707
2.410000 9.153208
2.410000 9.313920
2.410000 10.877877
2.410000 13.221426
2.410000 13.797180
2.410000 14.075974
2.410000 15.721440
2.410000 23.226060

2.430000 -11.714003
2.430000 -0.221063
2.430000 -0.043206
2.430000 -0.013137
2.430000 2.489005
2.430000 6.412586
2.430000 6.486916
2.430000 6.549108
2.430000 9.222614
2.430000 9.323781
2.430000 10.764528
2.430000 13.361052
2.430000 13.754667
2.430000 13.926157
2.430000 15.467558
2.430000 23.815462

2.450000 -11.720843
2.450000 -0.119829
2.450000 -0.024319
2.450000 -0.010203
2.450000 2.384525
2.450000 6.438686
2.450000 6.471070
2.450000 6.508801
2.450000 9.278603
2.450000 9.331931
2.450000 10.676689
2.450000 13.497553
2.450000 13.723259
2.450000 13.809933
2.450000 15.245511
2.450000 24.395157

2.470000 -11.725428
2.470000 -0.046586
2.470000 -0.011529
2.470000 -0.008279
2.470000 2.308812
2.470000 6.454298
2.470000 6.460487
2.470000 6.484597
2.470000 9.318019
2.470000 9.337668
2.470000 10.616698
2.470000 13.614225
2.470000 13.702864
2.470000 13.730394
2.470000 15.071576
2.470000 24.864606

2.490000 -11.727728
2.490000 -0.010008
2.490000 -0.007326
2.490000 -0.002954
2.490000 2.268784
2.490000 6.455190
2.490000 6.455198
2.490000 6.479697
2.490000 9.338405
2.490000 9.340614
2.490000 10.586254
2.490000 13.680682
2.490000 13.689959
2.490000 13.697503
2.490000 14.971747
2.490000 25.172667

2.500000 -11.728015
2.500000 -0.007208
2.500000 -0.007208
2.500000 0.000000
2.500000 2.263668
2.500000 6.454528
2.500000 6.454528
2.500000 6.479882
2.500000 9.340986
2.500000 9.340986
2.500000 10.582427
2.500000 13.684871
2.500000 13.684871
2.500000 13.701802
2.500000 14.958421
2.500000 25.230255

0.000000 0.250000 0.500000 1.000000 1.500000 1.625000 1.750000 2.125000 2.500000 
L


[-1,-1,-1]
\Gamma


[1,0,0]
X


[-1,-1,0]
K


[-1,-1,0]
\Gamma
