130 16
0.000000 -11.468625
0.000000 -2.552272
0.000000 -0.307840
0.000000 -0.307840
0.000000 3.369685
0.000000 6.526617
0.000000 6.526617
0.000000 9.617766
0.000000 10.216335
0.000000 11.083713
0.000000 11.083713
0.000000 11.690233
0.000000 13.210189
0.000000 13.210189
0.000000 18.795871
0.000000 19.579250

0.020000 -11.475215
0.020000 -2.547488
0.020000 -0.312799
0.020000 -0.312799
0.020000 3.363488
0.020000 6.526295
0.020000 6.526295
0.020000 9.451699
0.020000 10.107022
0.020000 10.945075
0.020000 10.945075
0.020000 11.956255
0.020000 13.358239
0.020000 13.358239
0.020000 18.318772
0.020000 19.727292

0.040000 -11.483734
0.040000 -2.529961
0.040000 -0.314948
0.040000 -0.314948
0.040000 3.360194
0.040000 6.532086
0.040000 6.532086
0.040000 9.212241
0.040000 10.053251
0.040000 10.755731
0.040000 10.755731
0.040000 12.263168
0.040000 13.578894
0.040000 13.578894
0.040000 17.846636
0.040000 19.299755

0.060000 -11.494120
0.060000 -2.499816
0.060000 -0.314358
0.060000 -0.314358
0.060000 3.359263
0.060000 6.543710
0.060000 6.543710
0.060000 8.933818
0.060000 10.040278
0.060000 10.539344
0.060000 10.539344
0.060000 12.589532
0.060000 13.848572
0.060000 13.848572
0.060000 17.390221
0.060000 18.873937

0.080000 -11.506272
0.080000 -2.457243
0.080000 -0.311125
0.080000 -0.311125
0.080000 3.359933
0.080000 6.560733
0.080000 6.560733
0.080000 8.641741
0.080000 10.051681
0.080000 10.311521
0.080000 10.311521
0.080000 12.922927
0.080000 14.151707
0.080000 14.151707
0.080000 16.955710
0.080000 18.454687

0.100000 -11.520052
0.100000 -2.402493
0.100000 -0.305364
0.100000 -0.305364
0.100000 3.361190
0.100000 6.582550
0.100000 6.582550
0.100000 8.349004
0.100000 10.079227
0.100000 10.081938
0.100000 10.081938
0.100000 13.251416
0.100000 14.478487
0.100000 14.478487
0.100000 16.552182
0.100000 18.044606

0.120000 -11.535288
0.120000 -2.335877
0.120000 -0.297215
0.120000 -0.297215
0.120000 3.361727
0.120000 6.608346
0.120000 6.608346
0.120000 8.062685
0.120000 9.856817
0.120000 9.856817
0.120000 10.118883
0.120000 13.556809
0.120000 14.821959
0.120000 14.821959
0.120000 16.196651
0.120000 17.646302

0.140000 -11.551778
0.140000 -2.257762
0.140000 -0.286840
0.140000 -0.286840
0.140000 3.359892
0.140000 6.637051
0.140000 6.637051
0.140000 7.787420
0.140000 9.640534
0.140000 9.640534
0.140000 10.168296
0.140000 13.804759
0.140000 15.175083
0.140000 15.175083
0.140000 15.923243
0.140000 17.264242

0.160000 -11.569300
0.160000 -2.168570
0.160000 -0.274427
0.160000 -0.274427
0.160000 3.353663
0.160000 6.667286
0.160000 6.667286
0.160000 7.526887
0.160000 9.436550
0.160000 9.436550
0.160000 10.225693
0.160000 13.936484
0.160000 15.524263
0.160000 15.524263
0.160000 15.791172
0.160000 16.910514

0.180000 -11.587612
0.180000 -2.068779
0.180000 -0.260187
0.180000 -0.260187
0.180000 3.340632
0.180000 6.697314
0.180000 6.697314
0.180000 7.284445
0.180000 9.247932
0.180000 9.247932
0.180000 10.289338
0.180000 13.902405
0.180000 15.817123
0.180000 15.817123
0.180000 15.851033
0.180000 16.636648

0.200000 -11.606463
0.200000 -1.958918
0.200000 -0.244358
0.200000 -0.244358
0.200000 3.318058
0.200000 6.725007
0.200000 6.725007
0.200000 7.063378
0.200000 9.077648
0.200000 9.077648
0.200000 10.357170
0.200000 13.729144
0.200000 15.852625
0.200000 15.852625
0.200000 16.077855
0.200000 16.643273

0.220000 -11.625592
0.220000 -1.839577
0.220000 -0.227202
0.220000 -0.227202
0.220000 3.283017
0.220000 6.747887
0.220000 6.747887
0.220000 6.866895
0.220000 8.928674
0.220000 8.928674
0.220000 10.426437
0.220000 13.484809
0.220000 15.612853
0.220000 15.612853
0.220000 16.405958
0.220000 16.948205

0.240000 -11.644739
0.240000 -1.711409
0.240000 -0.209007
0.240000 -0.209007
0.240000 3.232676
0.240000 6.697929
0.240000 6.763287
0.240000 6.763287
0.240000 8.803902
0.240000 8.803902
0.240000 10.493233
0.240000 13.218650
0.240000 15.307567
0.240000 15.307567
0.240000 16.789384
0.240000 17.341830

0.260000 -11.663645
0.260000 -1.575145
0.260000 -0.190083
0.260000 -0.190083
0.260000 3.164693
0.260000 6.558779
0.260000 6.768716
0.260000 6.768716
0.260000 8.705817
0.260000 8.705817
0.260000 10.551887
0.260000 12.959130
0.260000 14.995479
0.260000 14.995479
0.260000 17.202596
0.260000 17.765793

0.280000 -11.682061
0.280000 -1.431610
0.280000 -0.170761
0.280000 -0.170761
0.280000 3.077671
0.280000 6.450679
0.280000 6.762399
0.280000 6.762399
0.280000 8.635954
0.280000 8.635954
0.280000 10.594348
0.280000 12.725568
0.280000 14.690204
0.280000 14.690204
0.280000 17.591444
0.280000 17.861340

0.300000 -11.699744
0.300000 -1.281762
0.300000 -0.151393
0.300000 -0.151393
0.300000 2.971521
0.300000 6.373447
0.300000 6.743848
0.300000 6.743848
0.300000 8.594319
0.300000 8.594319
0.300000 10.610229
0.300000 12.534363
0.300000 14.396861
0.300000 14.396861
0.300000 17.414726
0.300000 18.138163

0.320000 -11.716470
0.320000 -1.126735
0.320000 -0.132341
0.320000 -0.132341
0.320000 2.847609
0.320000 6.325359
0.320000 6.714161
0.320000 6.714161
0.320000 8.579055
0.320000 8.579055
0.320000 10.589043
0.320000 12.399513
0.320000 14.118435
0.320000 14.118435
0.320000 17.080025
0.320000 18.600879

0.340000 -11.732026
0.340000 -0.967924
0.340000 -0.113976
0.340000 -0.113976
0.340000 2.708647
0.340000 6.303283
0.340000 6.675848
0.340000 6.675848
0.340000 8.586577
0.340000 8.586577
0.340000 10.525526
0.340000 12.328495
0.340000 13.857351
0.340000 13.857351
0.340000 16.753903
0.340000 19.082402

0.360000 -11.746221
0.360000 -0.807112
0.360000 -0.096669
0.360000 -0.096669
0.360000 2.558448
0.360000 6.302992
0.360000 6.632268
0.360000 6.632268
0.360000 8.612079
0.360000 8.612079
0.360000 10.424391
0.360000 12.317987
0.360000 13.616007
0.360000 13.616007
0.360000 16.443975
0.360000 19.575561

0.380000 -11.758881
0.380000 -0.646665
0.380000 -0.080784
0.380000 -0.080784
0.380000 2.401713
0.380000 6.319525
0.380000 6.586991
0.380000 6.586991
0.380000 8.650130
0.380000 8.650130
0.380000 10.298854
0.380000 12.355495
0.380000 13.397003
0.380000 13.397003
0.380000 16.153959
0.380000 20.077853

0.400000 -11.769855
0.400000 -0.489858
0.400000 -0.066667
0.400000 -0.066667
0.400000 2.244003
0.400000 6.347477
0.400000 6.543321
0.400000 6.543321
0.400000 8.695134
0.400000 8.695134
0.400000 10.164701
0.400000 12.425146
0.400000 13.203240
0.400000 13.203240
0.400000 15.887892
0.400000 20.587001

0.420000 -11.779012
0.420000 -0.341359
0.420000 -0.054633
0.420000 -0.054633
0.420000 2.092021
0.420000 6.381228
0.420000 6.504045
0.420000 6.504045
0.420000 8.741604
0.420000 8.741604
0.420000 10.036036
0.420000 12.511603
0.420000 13.037916
0.420000 13.037916
0.420000 15.651072
0.420000 21.099202

0.440000 -11.786247
0.440000 -0.207893
0.440000 -0.044961
0.440000 -0.044961
0.440000 1.954164
0.440000 6.415172
0.440000 6.471364
0.440000 6.471364
0.440000 8.784364
0.440000 8.784364
0.440000 9.924149
0.440000 12.600665
0.440000 12.904414
0.440000 12.904414
0.440000 15.450635
0.440000 21.604561

0.460000 -11.791475
0.460000 -0.098846
0.460000 -0.037880
0.460000 -0.037880
0.460000 1.841095
0.460000 6.444042
0.460000 6.446913
0.460000 6.446913
0.460000 8.818780
0.460000 8.818780
0.460000 9.837755
0.460000 12.678623
0.460000 12.806056
0.460000 12.806056
0.460000 15.295751
0.460000 22.065466

0.480000 -11.794635
0.480000 -0.033562
0.480000 -0.033562
0.480000 -0.025891
0.480000 1.765378
0.480000 6.431811
0.480000 6.431811
0.480000 6.463394
0.480000 8.841095
0.480000 8.841095
0.480000 9.783243
0.480000 12.732397
0.480000 12.745714
0.480000 12.745714
0.480000 15.196774
0.480000 22.351161

0.500000 -11.795693
0.500000 -0.032110
0.500000 -0.032110
0.500000 -0.000000
0.500000 1.738508
0.500000 6.426705
0.500000 6.426705
0.500000 6.470204
0.500000 8.848825
0.500000 8.848825
0.500000 9.764614
0.500000 12.725364
0.500000 12.725364
0.500000 12.751673
0.500000 15.162580
0.500000 22.417214

0.500000 -11.795693
0.500000 -0.032110
0.500000 -0.032110
0.500000 -0.000000
0.500000 1.738508
0.500000 6.426705
0.500000 6.426705
0.500000 6.470204
0.500000 8.848825
0.500000 8.848825
0.500000 9.764614
0.500000 12.725364
0.500000 12.725364
0.500000 12.751673
0.500000 15.162580
0.500000 22.417214

0.520000 -11.795348
0.520000 -0.037800
0.520000 -0.033279
0.520000 -0.002907
0.520000 1.747595
0.520000 6.424408
0.520000 6.429565
0.520000 6.470845
0.520000 8.842293
0.520000 8.850099
0.520000 9.770841
0.520000 12.727710
0.520000 12.727763
0.520000 12.754015
0.520000 15.174048
0.520000 22.296388

0.540000 -11.794314
0.540000 -0.056536
0.540000 -0.036775
0.540000 -0.009492
0.540000 1.774386
0.540000 6.415235
0.540000 6.438133
0.540000 6.475168
0.540000 8.822707
0.540000 8.853919
0.540000 9.789574
0.540000 12.734748
0.540000 12.734945
0.540000 12.761037
0.540000 15.208281
0.540000 22.076104

0.560000 -11.792595
0.560000 -0.089366
0.560000 -0.042571
0.560000 -0.017408
0.560000 1.817593
0.560000 6.396439
0.560000 6.452382
0.560000 6.486268
0.560000 8.790163
0.560000 8.860284
0.560000 9.820902
0.560000 12.746475
0.560000 12.746866
0.560000 12.772722
0.560000 15.264792
0.560000 21.831042

0.580000 -11.790195
0.580000 -0.134492
0.580000 -0.050623
0.580000 -0.026619
0.580000 1.875392
0.580000 6.368303
0.580000 6.472262
0.580000 6.504397
0.580000 8.744970
0.580000 8.869191
0.580000 9.864813
0.580000 12.762885
0.580000 12.763459
0.580000 12.789044
0.580000 15.342805
0.580000 21.576160

0.600000 -11.787122
0.600000 -0.189477
0.600000 -0.060867
0.600000 -0.037519
0.600000 1.945754
0.600000 6.332159
0.600000 6.497710
0.600000 6.528899
0.600000 8.687751
0.600000 8.880635
0.600000 9.921073
0.600000 12.783970
0.600000 12.784648
0.600000 12.809976
0.600000 15.441318
0.600000 21.316780

0.620000 -11.783385
0.620000 -0.252143
0.620000 -0.073226
0.620000 -0.050285
0.620000 2.026692
0.620000 6.289229
0.620000 6.528643
0.620000 6.559309
0.620000 8.619456
0.620000 8.894610
0.620000 9.989199
0.620000 12.809720
0.620000 12.810352
0.620000 12.835488
0.620000 15.559163
0.620000 21.055480

0.640000 -11.778996
0.640000 -0.320653
0.640000 -0.087609
0.640000 -0.064946
0.640000 2.116408
0.640000 6.240591
0.640000 6.564963
0.640000 6.595339
0.640000 8.541293
0.640000 8.911108
0.640000 10.068500
0.640000 12.840120
0.640000 12.840492
0.640000 12.865559
0.640000 15.695072
0.640000 20.793718

0.660000 -11.773967
0.660000 -0.393491
0.660000 -0.103909
0.660000 -0.081453
0.660000 2.213341
0.660000 6.187227
0.660000 6.606560
0.660000 6.636783
0.660000 8.454626
0.660000 8.930120
0.660000 10.158161
0.660000 12.874991
0.660000 12.875154
0.660000 12.900173
0.660000 15.847734
0.660000 20.532405

0.680000 -11.768315
0.680000 -0.469425
0.680000 -0.122011
0.680000 -0.099722
0.680000 2.316166
0.680000 6.130043
0.680000 6.653313
0.680000 6.683468
0.680000 8.360885
0.680000 8.951637
0.680000 10.257319
0.680000 12.913778
0.680000 12.914798
0.680000 12.939329
0.680000 16.015842
0.680000 20.272160

0.700000 -11.762057
0.700000 -0.547465
0.700000 -0.141790
0.700000 -0.119643
0.700000 2.423757
0.700000 6.069873
0.700000 6.705088
0.700000 6.735236
0.700000 8.261491
0.700000 8.975645
0.700000 10.365124
0.700000 12.956786
0.700000 12.959025
0.700000 12.983026
0.700000 16.198123
0.700000 20.013444

0.720000 -11.755212
0.720000 -0.626821
0.720000 -0.163113
0.720000 -0.141095
0.720000 2.535149
0.720000 6.007478
0.720000 6.761746
0.720000 6.791927
0.720000 8.157816
0.720000 9.002130
0.720000 10.480768
0.720000 13.003958
0.720000 13.007801
0.720000 13.031268
0.720000 16.393348
0.720000 19.756637

0.740000 -11.747802
0.740000 -0.706857
0.740000 -0.185843
0.740000 -0.163943
0.740000 2.649492
0.740000 5.943550
0.740000 6.823141
0.740000 6.853386
0.740000 8.051165
0.740000 9.031076
0.740000 10.603504
0.740000 13.055246
0.740000 13.061083
0.740000 13.084044
0.740000 16.600328
0.740000 19.502098

0.760000 -11.739849
0.760000 -0.787064
0.760000 -0.209836
0.760000 -0.188049
0.760000 2.766013
0.760000 5.878713
0.760000 6.889122
0.760000 6.919455
0.760000 7.942768
0.760000 9.062465
0.760000 10.732653
0.760000 13.110615
0.760000 13.118818
0.760000 13.141331
0.760000 16.817867
0.760000 19.250242

0.780000 -11.731379
0.780000 -0.867030
0.780000 -0.234948
0.780000 -0.213271
0.780000 2.883982
0.780000 5.813537
0.780000 6.959538
0.780000 6.989976
0.780000 7.833792
0.780000 9.096277
0.780000 10.867599
0.780000 13.170038
0.780000 13.180941
0.780000 13.203083
0.780000 17.044648
0.780000 19.001665

0.800000 -11.722420
0.800000 -0.946419
0.800000 -0.261034
0.800000 -0.239464
0.800000 3.002678
0.800000 5.748538
0.800000 7.034233
0.800000 7.064789
0.800000 7.725355
0.800000 9.132487
0.800000 11.007780
0.800000 13.233493
0.800000 13.247371
0.800000 13.269230
0.800000 17.278872
0.800000 18.757492

0.820000 -11.712999
0.820000 -1.024954
0.820000 -0.287948
0.820000 -0.266484
0.820000 3.121361
0.820000 5.684196
0.820000 7.113056
0.820000 7.143735
0.820000 7.618544
0.820000 9.171070
0.820000 11.152684
0.820000 13.300950
0.820000 13.318007
0.820000 13.339678
0.820000 17.516935
0.820000 18.520667

0.840000 -11.703148
0.840000 -1.102408
0.840000 -0.315545
0.840000 -0.294187
0.840000 3.239243
0.840000 5.620953
0.840000 7.195855
0.840000 7.226648
0.840000 7.514452
0.840000 9.211996
0.840000 11.301835
0.840000 13.372362
0.840000 13.392720
0.840000 13.414308
0.840000 17.745602
0.840000 18.303616

0.860000 -11.692898
0.860000 -1.178588
0.860000 -0.343685
0.860000 -0.322432
0.860000 3.355461
0.860000 5.559232
0.860000 7.282481
0.860000 7.313268
0.860000 7.414283
0.860000 9.255232
0.860000 11.454785
0.860000 13.447647
0.860000 13.471351
0.860000 13.492968
0.860000 17.868248
0.860000 18.201248

0.880000 -11.682283
0.880000 -1.253333
0.880000 -0.372229
0.880000 -0.351081
0.880000 3.469047
0.880000 5.499431
0.880000 7.318351
0.880000 7.372789
0.880000 7.404283
0.880000 9.300742
0.880000 11.611101
0.880000 13.526678
0.880000 13.553695
0.880000 13.575475
0.880000 17.728087
0.880000 18.335090

0.900000 -11.671339
0.900000 -1.326505
0.900000 -0.401042
0.900000 -0.379999
0.900000 3.578913
0.900000 5.441932
0.900000 7.229327
0.900000 7.466639
0.900000 7.498101
0.900000 9.348485
0.900000 11.770356
0.900000 13.609247
0.900000 13.639489
0.900000 13.661598
0.900000 17.516097
0.900000 18.112393

0.920000 -11.660102
0.920000 -1.397986
0.920000 -0.429994
0.920000 -0.409056
0.920000 3.683830
0.920000 5.387092
0.920000 7.147633
0.920000 7.563896
0.920000 7.595493
0.920000 9.398414
0.920000 11.932113
0.920000 13.695036
0.920000 13.728387
0.920000 13.751051
0.920000 17.296264
0.920000 17.893863

0.940000 -11.648610
0.940000 -1.467672
0.940000 -0.458960
0.940000 -0.438127
0.940000 3.782431
0.940000 5.335227
0.940000 7.074861
0.940000 7.664430
0.940000 7.696186
0.940000 9.450477
0.940000 12.095908
0.940000 13.783549
0.940000 13.819938
0.940000 13.843479
0.940000 17.077989
0.940000 17.679937

0.960000 -11.636904
0.960000 -1.535473
0.960000 -0.487820
0.960000 -0.467091
0.960000 3.873244
0.960000 5.286582
0.960000 7.012610
0.960000 7.768117
0.960000 7.800043
0.960000 9.504617
0.960000 12.261229
0.960000 13.874029
0.960000 13.913533
0.960000 13.938436
0.960000 16.864483
0.960000 17.471199

0.980000 -11.625022
0.980000 -1.601310
0.980000 -0.516458
0.980000 -0.495833
0.980000 3.954765
0.980000 5.241286
0.980000 6.962575
0.980000 7.874840
0.980000 7.906939
0.980000 9.560768
0.980000 12.427478
0.980000 13.965312
0.980000 14.008343
0.980000 14.035354
0.980000 16.658017
0.980000 17.268440

1.000000 -11.613007
1.000000 -1.665111
1.000000 -0.544765
1.000000 -0.524244
1.000000 4.025586
1.000000 5.199289
1.000000 6.926496
1.000000 7.984489
1.000000 8.016763
1.000000 9.618856
1.000000 12.593921
1.000000 14.055633
1.000000 14.103222
1.000000 14.133496
1.000000 16.461096
1.000000 17.072760

1.020000 -11.600901
1.020000 -1.726812
1.020000 -0.572636
1.020000 -0.552219
1.020000 4.084576
1.020000 5.160303
1.020000 6.906041
1.020000 8.096959
1.020000 8.129408
1.020000 9.678798
1.020000 12.759593
1.020000 14.142363
1.020000 14.196560
1.020000 14.231849
1.020000 16.277063
1.020000 16.885701

1.040000 -11.588747
1.040000 -1.786355
1.040000 -0.599973
1.040000 -0.579659
1.040000 4.131082
1.040000 5.123771
1.040000 6.902642
1.040000 8.212153
1.040000 8.244775
1.040000 9.740501
1.040000 12.923131
1.040000 14.221739
1.040000 14.286067
1.040000 14.328923
1.040000 16.110648
1.040000 16.709456

1.060000 -11.576588
1.060000 -1.843686
1.060000 -0.626684
1.060000 -0.606472
1.060000 4.165075
1.060000 5.088907
1.060000 6.917308
1.060000 8.329978
1.060000 8.362772
1.060000 9.803860
1.060000 13.082458
1.060000 14.288781
1.060000 14.368479
1.060000 14.422428
1.060000 15.968477
1.060000 16.547148

1.080000 -11.564469
1.080000 -1.898759
1.080000 -0.652678
1.080000 -0.632570
1.080000 4.187197
1.080000 5.054817
1.080000 6.950468
1.080000 8.450351
1.080000 8.483312
1.080000 9.868752
1.080000 13.234166
1.080000 14.337943
1.080000 14.439228
1.080000 14.508898
1.080000 15.859105
1.080000 16.403125

1.100000 -11.552434
1.100000 -1.951527
1.100000 -0.677875
1.100000 -0.657868
1.100000 4.198652
1.100000 5.020674
1.100000 7.001897
1.100000 8.573190
1.100000 8.606315
1.100000 9.935043
1.100000 13.372294
1.100000 14.365681
1.100000 14.492238
1.100000 14.583457
1.100000 15.791564
1.100000 16.283084

1.120000 -11.540526
1.120000 -2.001949
1.120000 -0.702196
1.120000 -0.682291
1.120000 4.201009
1.120000 4.985877
1.120000 7.070764
1.120000 8.698424
1.120000 8.731707
1.120000 10.002577
1.120000 13.486234
1.120000 14.375609
1.120000 14.520345
1.120000 14.640191
1.120000 15.771880
1.120000 16.193470

1.140000 -11.528790
1.140000 -2.049987
1.140000 -0.725569
1.140000 -0.705765
1.140000 4.195970
1.140000 4.950144
1.140000 7.155771
1.140000 8.825984
1.140000 8.859418
1.140000 10.071176
1.140000 13.558941
1.140000 14.382420
1.140000 14.516926
1.140000 14.674185
1.140000 15.799714
1.140000 16.139285

1.160000 -11.517270
1.160000 -2.095603
1.160000 -0.747925
1.160000 -0.728222
1.160000 4.185181
1.160000 4.913506
1.160000 7.255346
1.160000 8.955806
1.160000 8.989385
1.160000 10.140640
1.160000 13.571894
1.160000 14.402684
1.160000 14.478556
1.160000 14.687540
1.160000 15.868783
1.160000 16.119440

1.180000 -11.506008
1.180000 -2.138764
1.180000 -0.769200
1.180000 -0.749598
1.180000 4.170124
1.180000 4.876240
1.180000 7.367821
1.180000 9.087832
1.180000 9.121545
1.180000 10.210736
1.180000 13.520420
1.180000 14.406748
1.180000 14.424691
1.180000 14.703319
1.180000 15.970462
1.180000 16.116256

1.200000 -11.495047
1.200000 -2.179438
1.200000 -0.789337
1.200000 -0.769835
1.200000 4.152068
1.200000 4.838777
1.200000 7.491574
1.200000 9.222007
1.200000 9.255844
1.200000 10.281200
1.200000 13.417978
1.200000 14.306991
1.200000 14.401468
1.200000 14.766030
1.200000 16.075052
1.200000 16.096833

1.220000 -11.484428
1.220000 -2.217594
1.220000 -0.808280
1.220000 -0.788878
1.220000 4.132069
1.220000 4.801618
1.220000 7.625113
1.220000 9.358279
1.220000 9.392226
1.220000 10.351730
1.220000 13.282150
1.220000 14.186149
1.220000 14.321858
1.220000 14.881563
1.220000 15.969308
1.220000 16.241701

1.240000 -11.474191
1.240000 -2.253206
1.240000 -0.825978
1.240000 -0.806676
1.240000 4.110995
1.240000 4.765274
1.240000 7.767115
1.240000 9.496598
1.240000 9.530638
1.240000 10.421979
1.240000 13.125742
1.240000 14.050432
1.240000 14.207537
1.240000 15.026492
1.240000 15.840026
1.240000 16.400382

1.260000 -11.464374
1.260000 -2.286245
1.260000 -0.842384
1.260000 -0.823182
1.260000 4.089551
1.260000 4.730221
1.260000 7.916438
1.260000 9.636914
1.260000 9.671029
1.260000 10.491549
1.260000 12.956641
1.260000 13.904666
1.260000 14.073277
1.260000 15.186815
1.260000 15.707603
1.260000 16.569115

1.280000 -11.455015
1.280000 -2.316687
1.280000 -0.857456
1.280000 -0.838354
1.280000 4.068317
1.280000 4.696886
1.280000 8.072104
1.280000 9.779179
1.280000 9.813343
1.280000 10.559988
1.280000 12.779613
1.280000 13.752348
1.280000 13.926920
1.280000 15.356238
1.280000 15.578059
1.280000 16.744429

1.300000 -11.446147
1.300000 -2.344510
1.300000 -0.871154
1.300000 -0.852153
1.300000 4.047768
1.300000 4.665635
1.300000 8.233284
1.300000 9.923340
1.300000 9.957519
1.300000 10.626780
1.300000 12.597628
1.300000 13.595959
1.300000 13.773031
1.300000 15.453766
1.300000 15.531700
1.300000 16.922773

1.320000 -11.437803
1.320000 -2.369692
1.320000 -0.883442
1.320000 -0.864541
1.320000 4.028300
1.320000 4.636774
1.320000 8.399272
1.320000 10.069338
1.320000 10.103488
1.320000 10.691339
1.320000 12.412625
1.320000 13.437267
1.320000 13.614484
1.320000 15.336049
1.320000 15.711545
1.320000 17.101368

1.340000 -11.430014
1.340000 -2.392213
1.340000 -0.894287
1.340000 -0.875488
1.340000 4.010243
1.340000 4.610555
1.340000 8.569462
1.340000 10.217104
1.340000 10.251159
1.340000 10.753009
1.340000 12.225932
1.340000 13.277564
1.340000 13.453193
1.340000 15.225895
1.340000 15.894774
1.340000 17.278693

1.360000 -11.422808
1.360000 -2.412055
1.360000 -0.903660
1.360000 -0.884964
1.360000 3.993876
1.360000 4.587181
1.360000 8.743322
1.360000 10.366548
1.360000 10.400409
1.360000 10.811055
1.360000 12.038526
1.360000 13.117833
1.360000 13.290490
1.360000 15.124174
1.360000 16.080684
1.360000 17.454392

1.380000 -11.416208
1.380000 -2.429202
1.380000 -0.911535
1.380000 -0.892943
1.380000 3.979434
1.380000 4.566814
1.380000 8.920365
1.380000 10.517545
1.380000 10.551042
1.380000 10.864675
1.380000 11.851202
1.380000 12.958875
1.380000 13.127354
1.380000 15.031729
1.380000 16.268672
1.380000 17.633110

1.400000 -11.410236
1.400000 -2.443639
1.400000 -0.917889
1.400000 -0.899402
1.400000 3.967115
1.400000 4.549582
1.400000 9.100119
1.400000 10.669893
1.400000 10.702699
1.400000 10.913011
1.400000 11.664756
1.400000 12.801409
1.400000 12.964562
1.400000 14.949400
1.400000 16.458070
1.400000 17.808296

1.420000 -11.404912
1.420000 -2.455355
1.420000 -0.922702
1.420000 -0.904321
1.420000 3.957084
1.420000 4.535583
1.420000 9.282073
1.420000 10.823166
1.420000 10.854506
1.420000 10.955272
1.420000 11.480376
1.420000 12.646178
1.420000 12.802810
1.420000 14.878027
1.420000 16.647964
1.420000 17.957815

1.440000 -11.400251
1.440000 -2.464337
1.440000 -0.925956
1.440000 -0.907682
1.440000 3.949476
1.440000 4.524895
1.440000 9.465579
1.440000 10.972262
1.440000 10.995095
1.440000 11.002661
1.440000 11.302102
1.440000 12.494088
1.440000 12.642853
1.440000 14.818429
1.440000 16.836882
1.440000 18.044756

1.460000 -11.396265
1.460000 -2.470578
1.460000 -0.927636
1.460000 -0.909473
1.460000 3.944399
1.460000 4.517578
1.460000 9.649625
1.460000 11.014435
1.460000 11.073297
1.460000 11.133298
1.460000 11.203985
1.460000 12.346489
1.460000 12.485752
1.460000 14.771370
1.460000 17.022070
1.460000 18.046796

1.480000 -11.392962
1.480000 -2.474070
1.480000 -0.927731
1.480000 -0.909681
1.480000 3.941933
1.480000 4.513679
1.480000 9.832184
1.480000 10.923134
1.480000 11.031595
1.480000 11.284950
1.480000 11.329514
1.480000 12.205862
1.480000 12.333479
1.480000 14.737523
1.480000 17.197371
1.480000 17.979873

1.500000 -11.390348
1.500000 -2.474808
1.500000 -0.926233
1.500000 -0.908297
1.500000 3.942133
1.500000 4.513233
1.500000 10.007827
1.500000 10.760027
1.500000 11.037768
1.500000 11.429727
1.500000 11.471510
1.500000 12.078060
1.500000 12.190888
1.500000 14.717422
1.500000 17.345283
1.500000 17.885195

1.500000 -11.251122
1.500000 -2.411126
1.500000 -0.856776
1.500000 -0.424292
1.500000 4.107389
1.500000 4.777355
1.500000 10.261401
1.500000 10.662865
1.500000 11.190522
1.500000 11.656174
1.500000 12.003283
1.500000 12.364167
1.500000 12.487057
1.500000 14.824483
1.500000 17.503541
1.500000 17.958189

1.520000 -11.262552
1.520000 -2.415914
1.520000 -0.862001
1.520000 -0.475541
1.520000 4.116998
1.520000 4.824883
1.520000 10.142465
1.520000 10.478187
1.520000 10.991632
1.520000 11.618530
1.520000 12.117018
1.520000 12.538693
1.520000 12.629885
1.520000 14.862435
1.520000 17.393367
1.520000 17.845820

1.540000 -11.273330
1.540000 -2.417040
1.540000 -0.864353
1.540000 -0.537337
1.540000 4.132408
1.540000 4.896595
1.540000 9.994739
1.540000 10.284504
1.540000 10.784939
1.540000 11.553050
1.540000 12.254697
1.540000 12.732518
1.540000 12.794224
1.540000 14.922569
1.540000 17.228944
1.540000 17.740080

1.560000 -11.283504
1.560000 -2.414607
1.560000 -0.863880
1.560000 -0.607928
1.560000 4.152012
1.560000 4.992260
1.560000 9.828032
1.560000 10.087589
1.560000 10.577330
1.560000 11.464030
1.560000 12.408622
1.560000 12.937366
1.560000 12.971573
1.560000 15.001824
1.560000 17.032775
1.560000 17.633718

1.580000 -11.293132
1.580000 -2.408748
1.580000 -0.860638
1.580000 -0.685384
1.580000 4.174664
1.580000 5.110933
1.580000 9.649817
1.580000 9.890335
1.580000 10.371705
1.580000 11.355999
1.580000 12.573102
1.580000 13.148993
1.580000 13.156447
1.580000 15.096848
1.580000 16.822567
1.580000 17.515740

1.600000 -11.302277
1.600000 -2.399627
1.600000 -0.854694
1.600000 -0.767712
1.600000 4.199717
1.600000 5.251009
1.600000 9.465604
1.600000 9.694239
1.600000 10.169559
1.600000 11.232968
1.600000 12.743902
1.600000 13.345001
1.600000 13.364957
1.600000 15.204406
1.600000 16.608241
1.600000 17.381470

1.620000 -11.311008
1.620000 -2.387456
1.620000 -0.852940
1.620000 -0.846126
1.620000 4.226889
1.620000 5.410399
1.620000 9.279526
1.620000 9.500160
1.620000 9.971796
1.620000 11.098357
1.620000 12.917694
1.620000 13.534150
1.620000 13.583672
1.620000 15.321625
1.620000 16.395411
1.620000 17.231461

1.640000 -11.319401
1.640000 -2.372495
1.640000 -0.939166
1.640000 -0.835023
1.640000 4.256087
1.640000 5.586668
1.640000 9.094873
1.640000 9.308680
1.640000 9.779032
1.640000 10.955019
1.640000 13.091564
1.640000 13.720998
1.640000 13.803974
1.640000 15.446096
1.640000 16.187891
1.640000 17.069195

1.660000 -11.327535
1.660000 -2.355075
1.660000 -1.024580
1.660000 -0.821486
1.660000 4.287279
1.660000 5.777059
1.660000 8.914566
1.660000 9.120282
1.660000 9.591724
1.660000 10.805313
1.660000 13.262535
1.660000 13.902417
1.660000 14.024935
1.660000 15.575900
1.660000 15.989024
1.660000 16.899430

1.680000 -11.335493
1.680000 -2.335613
1.680000 -1.107453
1.680000 -0.805624
1.680000 4.320407
1.680000 5.978311
1.680000 8.741647
1.680000 8.935429
1.680000 9.410242
1.680000 10.651175
1.680000 13.426980
1.680000 14.074691
1.680000 14.245764
1.680000 15.709572
1.680000 15.802487
1.680000 16.727496

1.700000 -11.343362
1.700000 -2.314634
1.700000 -1.186113
1.700000 -0.787561
1.700000 4.355341
1.700000 6.186219
1.700000 8.579881
1.700000 8.754636
1.700000 9.234895
1.700000 10.494195
1.700000 13.579729
1.700000 14.233308
1.700000 14.465770
1.700000 15.632809
1.700000 15.846050
1.700000 16.559494

1.720000 -11.351227
1.720000 -2.292795
1.720000 -1.258922
1.720000 -0.767429
1.720000 4.391852
1.720000 6.394713
1.720000 8.434617
1.720000 8.578654
1.720000 9.065952
1.720000 10.335685
1.720000 13.712677
1.720000 14.373407
1.720000 14.684337
1.720000 15.485224
1.720000 15.984616
1.720000 16.403275

1.740000 -11.359175
1.740000 -2.270903
1.740000 -1.324234
1.740000 -0.745375
1.740000 4.429595
1.740000 6.594160
1.740000 8.313403
1.740000 8.409641
1.740000 8.903654
1.740000 10.176737
1.740000 13.813243
1.740000 14.491886
1.740000 14.900928
1.740000 15.363559
1.740000 16.124833
1.740000 16.269898

1.750000 -11.363206
1.750000 -2.260228
1.750000 -1.353562
1.750000 -0.733675
1.750000 4.448784
1.750000 6.685880
1.750000 8.262926
1.750000 8.331289
1.750000 8.825065
1.750000 10.097391
1.750000 13.846333
1.750000 14.543339
1.750000 15.008336
1.750000 15.312102
1.750000 16.195487
1.750000 16.216290

1.750000 -11.363206
1.750000 -2.260228
1.750000 -1.353562
1.750000 -0.733675
1.750000 4.448784
1.750000 6.685880
1.750000 8.262926
1.750000 8.331289
1.750000 8.825065
1.750000 10.097391
1.750000 13.846333
1.750000 14.543339
1.750000 15.008336
1.750000 15.312102
1.750000 16.195487
1.750000 16.216290

1.770000 -11.371438
1.770000 -2.240070
1.770000 -1.404532
1.770000 -0.709032
1.770000 4.487425
1.770000 6.840008
1.770000 8.141658
1.770000 8.240926
1.770000 8.673131
1.770000 9.939464
1.770000 13.869239
1.770000 14.632600
1.770000 15.221129
1.770000 15.223531
1.770000 16.144539
1.770000 16.337837

1.790000 -11.379958
1.790000 -2.222362
1.790000 -1.443963
1.790000 -0.682874
1.790000 4.525788
1.790000 6.935565
1.790000 7.988279
1.790000 8.263820
1.790000 8.528340
1.790000 9.783152
1.790000 13.831915
1.790000 14.694183
1.790000 15.155871
1.790000 15.430963
1.790000 16.124839
1.790000 16.481608

1.810000 -11.388843
1.810000 -2.207988
1.810000 -1.470546
1.810000 -0.655383
1.810000 4.562945
1.810000 6.961463
1.810000 7.836191
1.810000 8.378149
1.810000 8.390851
1.810000 9.629094
1.810000 13.743938
1.810000 14.683890
1.810000 15.144037
1.810000 15.637603
1.810000 16.140372
1.810000 16.626921

1.830000 -11.398158
1.830000 -2.197405
1.830000 -1.483493
1.830000 -0.626750
1.830000 4.597731
1.830000 6.930211
1.830000 7.689507
1.830000 8.260797
1.830000 8.567940
1.830000 9.477862
1.830000 13.620107
1.830000 14.574927
1.830000 15.210145
1.830000 15.840911
1.830000 16.120797
1.830000 16.604935

1.850000 -11.407965
1.850000 -2.190404
1.850000 -1.482768
1.850000 -0.597170
1.850000 4.628720
1.850000 6.864753
1.850000 7.549340
1.850000 8.138283
1.850000 8.809944
1.850000 9.329985
1.850000 13.472053
1.850000 14.403101
1.850000 15.314422
1.850000 15.957717
1.850000 16.040836
1.850000 16.569836

1.870000 -11.418312
1.870000 -2.186051
1.870000 -1.469140
1.870000 -0.566850
1.870000 4.654210
1.870000 6.783658
1.870000 7.416479
1.870000 8.023371
1.870000 9.085722
1.870000 9.185965
1.870000 13.306415
1.870000 14.198955
1.870000 15.402915
1.870000 15.743451
1.870000 16.237401
1.870000 16.659897

1.890000 -11.429238
1.890000 -2.182867
1.890000 -1.443997
1.890000 -0.535999
1.890000 4.672250
1.890000 6.698678
1.890000 7.291762
1.890000 7.916078
1.890000 9.046297
1.890000 9.383592
1.890000 13.125822
1.890000 13.978207
1.890000 15.331814
1.890000 15.688667
1.890000 16.430676
1.890000 16.789586

1.910000 -11.440771
1.910000 -2.179141
1.910000 -1.409029
1.910000 -0.504828
1.910000 4.680732
1.910000 6.616863
1.910000 7.176216
1.910000 7.816357
1.910000 8.911490
1.910000 9.696100
1.910000 12.930293
1.910000 13.752001
1.910000 15.124662
1.910000 15.782455
1.910000 16.620729
1.910000 16.933692

1.930000 -11.452926
1.930000 -2.173219
1.930000 -1.365937
1.930000 -0.473551
1.930000 4.677577
1.930000 6.542274
1.930000 7.071191
1.930000 7.724084
1.930000 8.782085
1.930000 10.017602
1.930000 12.718961
1.930000 13.530302
1.930000 14.910954
1.930000 15.892634
1.930000 16.807543
1.930000 17.082864

1.950000 -11.465703
1.950000 -2.163672
1.950000 -1.316262
1.950000 -0.442380
1.950000 4.661012
1.950000 6.476740
1.950000 6.978496
1.950000 7.639032
1.950000 8.658681
1.950000 10.342252
1.950000 12.492645
1.950000 13.321496
1.950000 14.712029
1.950000 15.989355
1.950000 16.990864
1.950000 17.231501

1.970000 -11.479091
1.970000 -2.149350
1.970000 -1.261325
1.970000 -0.411523
1.970000 4.629873
1.970000 6.420065
1.970000 6.900483
1.970000 7.560851
1.970000 8.541962
1.970000 10.661005
1.970000 12.257544
1.970000 13.131159
1.970000 14.531159
1.970000 16.056739
1.970000 17.169883
1.970000 17.374486

1.990000 -11.493066
1.990000 -2.129376
1.990000 -1.202237
1.990000 -0.381181
1.990000 4.583824
1.990000 6.370283
1.990000 6.839894
1.990000 7.489038
1.990000 8.432720
1.990000 10.953032
1.990000 12.032781
1.990000 12.962404
1.990000 14.369500
1.990000 16.078342
1.990000 17.342476
1.990000 17.506313

2.010000 -11.507588
2.010000 -2.103103
2.010000 -1.139935
2.010000 -0.351544
2.010000 4.523389
2.010000 6.324460
2.010000 6.799185
2.010000 7.422911
2.010000 8.331882
2.010000 11.153137
2.010000 11.879060
2.010000 12.818962
2.010000 14.229335
2.010000 16.039062
2.010000 17.503120
2.010000 17.623476

2.030000 -11.522608
2.030000 -2.070075
2.030000 -1.075219
2.030000 -0.322792
2.030000 4.449776
2.030000 6.280091
2.030000 6.779382
2.030000 7.361595
2.030000 8.240524
2.030000 11.133578
2.030000 11.908361
2.030000 12.712122
2.030000 14.116240
2.030000 15.933098
2.030000 17.636276
2.030000 17.730969

2.050000 -11.538061
2.050000 -2.029987
2.050000 -1.008791
2.050000 -0.295088
2.050000 4.364588
2.050000 6.236256
2.050000 6.779248
2.050000 7.304034
2.050000 8.159852
2.050000 10.941780
2.050000 12.030249
2.050000 12.673672
2.050000 14.042356
2.050000 15.768703
2.050000 17.697136
2.050000 17.842405

2.070000 -11.553876
2.070000 -1.982657
2.070000 -0.941281
2.070000 -0.268576
2.070000 4.269524
2.070000 6.193644
2.070000 6.795558
2.070000 7.249049
2.070000 8.091143
2.070000 10.698478
2.070000 12.070748
2.070000 12.734330
2.070000 14.031054
2.070000 15.562811
2.070000 17.608727
2.070000 17.968305

2.090000 -11.569968
2.090000 -1.928004
2.090000 -0.873266
2.090000 -0.243383
2.090000 4.166170
2.090000 6.153750
2.090000 6.824092
2.090000 7.195455
2.090000 8.035626
2.090000 10.445104
2.090000 12.020062
2.090000 12.830405
2.090000 14.115181
2.090000 15.332620
2.090000 17.378273
2.090000 18.110705

2.110000 -11.586246
2.110000 -1.866031
2.110000 -0.805283
2.110000 -0.219610
2.110000 4.055887
2.110000 6.118134
2.110000 6.860447
2.110000 7.142221
2.110000 7.994309
2.110000 10.195400
2.110000 11.929944
2.110000 12.879857
2.110000 14.311753
2.110000 15.091990
2.110000 17.083060
2.110000 18.266613

2.130000 -11.602612
2.130000 -1.796812
2.130000 -0.737838
2.130000 -0.197338
2.130000 3.939773
2.130000 6.088086
2.130000 6.900375
2.130000 7.088640
2.130000 7.967813
2.130000 9.956090
2.130000 11.825163
2.130000 12.871683
2.130000 14.595546
2.130000 14.856335
2.130000 16.765648
2.130000 18.430262

2.150000 -11.618962
2.150000 -1.720487
2.150000 -0.671410
2.150000 -0.176624
2.150000 3.818683
2.150000 6.064559
2.150000 6.939789
2.150000 7.034424
2.150000 7.956264
2.150000 9.731759
2.150000 11.713717
2.150000 12.827564
2.150000 14.596402
2.150000 14.969709
2.150000 16.442420
2.150000 18.587525

2.170000 -11.635188
2.170000 -1.637258
2.170000 -0.606456
2.170000 -0.157500
2.170000 3.693269
2.170000 6.048204
2.170000 6.974697
2.170000 6.979698
2.170000 7.959296
2.170000 9.526251
2.170000 11.597823
2.170000 12.766767
2.170000 14.371685
2.170000 15.356059
2.170000 16.120344
2.170000 18.662883

2.190000 -11.651180
2.190000 -1.547390
2.190000 -0.543404
2.190000 -0.139975
2.190000 3.564027
2.190000 6.039424
2.190000 6.924898
2.190000 7.001196
2.190000 7.976142
2.190000 9.343085
2.190000 11.477634
2.190000 12.701054
2.190000 14.155736
2.190000 15.771302
2.190000 15.802952
2.190000 18.486634

2.210000 -11.666827
2.210000 -1.451210
2.210000 -0.482658
2.210000 -0.124039
2.210000 3.431361
2.210000 6.038407
2.210000 6.870632
2.210000 7.015652
2.210000 8.005762
2.210000 9.185414
2.210000 11.352612
2.210000 12.637502
2.210000 13.954319
2.210000 15.492377
2.210000 16.204847
2.210000 18.198859

2.230000 -11.682017
2.230000 -1.349115
2.230000 -0.424591
2.230000 -0.109659
2.230000 3.295627
2.230000 6.045149
2.230000 6.817560
2.230000 7.015128
2.230000 8.046947
2.230000 9.055633
2.230000 11.222202
2.230000 12.580720
2.230000 13.769452
2.230000 15.190146
2.230000 16.651891
2.230000 17.894921

2.250000 -11.696643
2.250000 -1.241585
2.250000 -0.369545
2.250000 -0.096788
2.250000 3.157194
2.250000 6.059459
2.250000 6.766315
2.250000 6.998007
2.250000 8.098389
2.250000 8.954777
2.250000 11.086271
2.250000 12.533885
2.250000 13.602063
2.250000 14.897535
2.250000 17.107994
2.250000 17.594320

2.270000 -11.710597
2.270000 -1.129202
2.270000 -0.317826
2.270000 -0.085362
2.270000 3.016496
2.270000 6.080955
2.270000 6.717457
2.270000 6.964535
2.270000 8.158694
2.270000 8.881975
2.270000 10.945365
2.270000 12.499165
2.270000 13.452316
2.270000 14.615747
2.270000 17.285320
2.270000 17.588512

2.290000 -11.723780
2.290000 -1.012669
2.290000 -0.269702
2.290000 -0.075308
2.290000 2.874089
2.290000 6.109045
2.290000 6.671463
2.290000 6.916933
2.290000 8.226376
2.290000 8.834358
2.290000 10.800816
2.290000 12.477869
2.290000 13.319794
2.290000 14.346025
2.290000 17.003121
2.290000 18.059594

2.310000 -11.736094
2.310000 -0.892858
2.310000 -0.225403
2.310000 -0.066543
2.310000 2.730711
2.310000 6.142914
2.310000 6.628728
2.310000 6.858917
2.310000 8.299819
2.310000 8.807553
2.310000 10.654688
2.310000 12.470507
2.310000 13.203679
2.310000 14.089737
2.310000 16.727566
2.310000 18.542176

2.330000 -11.747449
2.330000 -0.770860
2.330000 -0.185122
2.330000 -0.058981
2.330000 2.587356
2.330000 6.181496
2.330000 6.589572
2.330000 6.794872
2.330000 8.377233
2.330000 8.796534
2.330000 10.509625
2.330000 12.476837
2.330000 13.102928
2.330000 13.848436
2.330000 16.464479
2.330000 19.031028

2.350000 -11.757762
2.350000 -0.648073
2.350000 -0.149009
2.350000 -0.052534
2.350000 2.445365
2.350000 6.223452
2.350000 6.554253
2.350000 6.729085
2.350000 8.456604
2.350000 8.796422
2.350000 10.368676
2.350000 12.495876
2.350000 13.016433
2.350000 13.623919
2.350000 16.216198
2.350000 19.524214

2.370000 -11.766957
2.370000 -0.526322
2.370000 -0.117177
2.370000 -0.047115
2.370000 2.306543
2.370000 6.267146
2.370000 6.522980
2.370000 6.665291
2.370000 8.535651
2.370000 8.802982
2.370000 10.235126
2.370000 12.525888
2.370000 12.943130
2.370000 13.418280
2.370000 15.985161
2.370000 20.019190

2.390000 -11.774968
2.390000 -0.408034
2.390000 -0.089694
2.390000 -0.042643
2.390000 2.173330
2.390000 6.310635
2.390000 6.495914
2.390000 6.606519
2.390000 8.611797
2.390000 8.812830
2.390000 10.112360
2.390000 12.564325
2.390000 12.882073
2.390000 13.233928
2.390000 15.774270
2.390000 20.511471

2.410000 -11.781734
2.410000 -0.296485
2.410000 -0.066570
2.410000 -0.039041
2.410000 2.049003
2.410000 6.351650
2.410000 6.473186
2.410000 6.555169
2.410000 8.682187
2.410000 8.823443
2.410000 10.003735
2.410000 12.607753
2.410000 12.832487
2.410000 13.073579
2.410000 15.587088
2.410000 20.991968

2.430000 -11.787207
2.430000 -0.196106
2.430000 -0.047690
2.430000 -0.036244
2.430000 1.937915
2.430000 6.387516
2.430000 6.454894
2.430000 6.513285
2.430000 8.743765
2.430000 8.833094
2.430000 9.912429
2.430000 12.651787
2.430000 12.793822
2.430000 12.940173
2.430000 15.427920
2.430000 21.441960

2.450000 -11.791348
2.450000 -0.112927
2.450000 -0.034196
2.450000 -0.032520
2.450000 1.845620
2.450000 6.414640
2.450000 6.441114
2.450000 6.483335
2.450000 8.793454
2.450000 8.840749
2.450000 9.841261
2.450000 12.691012
2.450000 12.765974
2.450000 12.836694
2.450000 15.301727
2.450000 21.833167

2.470000 -11.794125
2.470000 -0.055914
2.470000 -0.032856
2.470000 -0.018503
2.470000 1.778583
2.470000 6.427332
2.470000 6.431899
2.470000 6.469719
2.470000 8.828439
2.470000 8.845926
2.470000 9.792505
2.470000 12.718149
2.470000 12.750595
2.470000 12.765886
2.470000 15.213687
2.470000 22.149755

2.490000 -11.795518
2.490000 -0.034023
2.490000 -0.032193
2.490000 -0.002881
2.490000 1.743055
2.490000 6.427145
2.490000 6.427283
2.490000 6.469766
2.490000 8.846534
2.490000 8.848504
2.490000 9.767730
2.490000 12.725325
2.490000 12.729892
2.490000 12.750726
2.490000 15.168320
2.490000 22.376181

2.500000 -11.795693
2.500000 -0.032110
2.500000 -0.032110
2.500000 -0.000000
2.500000 1.738508
2.500000 6.426705
2.500000 6.426705
2.500000 6.470204
2.500000 8.848825
2.500000 8.848825
2.500000 9.764614
2.500000 12.725364
2.500000 12.725364
2.500000 12.751673
2.500000 15.162580
2.500000 22.417214

