130 16
0.000000 -10.322379
0.000000 -7.406169
0.000000 -1.309188
0.000000 -1.309188
0.000000 1.821991
0.000000 3.895470
0.000000 3.895470
0.000000 7.898248
0.000000 11.496962
0.000000 11.496962
0.000000 12.680760
0.000000 12.878314
0.000000 12.878314
0.000000 14.961300
0.000000 21.230338
0.000000 21.735405

0.020000 -10.356381
0.020000 -7.362551
0.020000 -1.307617
0.020000 -1.307617
0.020000 1.822744
0.020000 3.898790
0.020000 3.898790
0.020000 7.906465
0.020000 11.282219
0.020000 11.282219
0.020000 12.549911
0.020000 13.105842
0.020000 13.105842
0.020000 15.104173
0.020000 20.439798
0.020000 22.524940

0.040000 -10.430986
0.040000 -7.256809
0.040000 -1.299616
0.040000 -1.299616
0.040000 1.831205
0.040000 3.911264
0.040000 3.911264
0.040000 7.930339
0.040000 10.930432
0.040000 10.930432
0.040000 12.259751
0.040000 13.499784
0.040000 13.499784
0.040000 15.426624
0.040000 19.653986
0.040000 22.268586

0.060000 -10.538054
0.060000 -7.097130
0.060000 -1.285212
0.060000 -1.285212
0.060000 1.847369
0.060000 3.932470
0.060000 3.932470
0.060000 7.969773
0.060000 10.539309
0.060000 10.539309
0.060000 11.887330
0.060000 13.962691
0.060000 13.962691
0.060000 15.851032
0.060000 18.880444
0.060000 21.629410

0.080000 -10.668324
0.080000 -6.892851
0.080000 -1.264443
0.080000 -1.264443
0.080000 1.871227
0.080000 3.961714
0.080000 3.961714
0.080000 8.024601
0.080000 10.142562
0.080000 10.142562
0.080000 11.477623
0.080000 14.461252
0.080000 14.461252
0.080000 16.330301
0.080000 18.122347
0.080000 21.001078

0.100000 -10.813476
0.100000 -6.652403
0.100000 -1.237366
0.100000 -1.237366
0.100000 1.902766
0.100000 3.997977
0.100000 3.997977
0.100000 8.094574
0.100000 9.753114
0.100000 9.753114
0.100000 11.052175
0.100000 14.983021
0.100000 14.983021
0.100000 16.823151
0.100000 17.400067
0.100000 20.386064

0.120000 -10.966887
0.120000 -6.382553
0.120000 -1.204057
0.120000 -1.204057
0.120000 1.941962
0.120000 4.039851
0.120000 4.039851
0.120000 8.179330
0.120000 9.377450
0.120000 9.377450
0.120000 10.621395
0.120000 15.521862
0.120000 15.521862
0.120000 16.600705
0.120000 17.432560
0.120000 19.786301

0.140000 -11.123599
0.140000 -6.088449
0.140000 -1.164620
0.140000 -1.164620
0.140000 1.988778
0.140000 4.085448
0.140000 4.085448
0.140000 8.278346
0.140000 9.019927
0.140000 9.019927
0.140000 10.190581
0.140000 15.897719
0.140000 16.072845
0.140000 16.072845
0.140000 17.980041
0.140000 19.204768

0.160000 -11.279990
0.160000 -5.773951
0.160000 -1.119195
0.160000 -1.119195
0.160000 2.043152
0.160000 4.132292
0.160000 4.132292
0.160000 8.390819
0.160000 8.684333
0.160000 8.684333
0.160000 9.762587
0.160000 15.200189
0.160000 16.627029
0.160000 16.627029
0.160000 18.553275
0.160000 18.649473

0.180000 -11.433434
0.180000 -5.441984
0.180000 -1.067964
0.180000 -1.067964
0.180000 2.104988
0.180000 4.177195
0.180000 4.177195
0.180000 8.374572
0.180000 8.374572
0.180000 8.515299
0.180000 9.339255
0.180000 14.519982
0.180000 17.143194
0.180000 17.143194
0.180000 18.161239
0.180000 18.161239

0.200000 -11.582012
0.200000 -5.094837
0.200000 -1.011169
0.200000 -1.011169
0.200000 2.174144
0.200000 4.216182
0.200000 4.216182
0.200000 8.095004
0.200000 8.095004
0.200000 8.646120
0.200000 8.925321
0.200000 13.861178
0.200000 17.280457
0.200000 17.280457
0.200000 18.080873
0.200000 18.080873

0.220000 -11.724313
0.220000 -4.734390
0.220000 -0.949119
0.220000 -0.949119
0.220000 2.250411
0.220000 4.244525
0.220000 4.244525
0.220000 7.850524
0.220000 7.850524
0.220000 8.493207
0.220000 8.808491
0.220000 13.228029
0.220000 16.874393
0.220000 16.874393
0.220000 18.572952
0.220000 18.572952

0.240000 -11.859283
0.240000 -4.362282
0.240000 -0.882215
0.240000 -0.882215
0.240000 2.333494
0.240000 4.257038
0.240000 4.257038
0.240000 7.646327
0.240000 7.646327
0.240000 8.087384
0.240000 8.953432
0.240000 12.626591
0.240000 16.390286
0.240000 16.390286
0.240000 19.172544
0.240000 19.172544

0.260000 -11.986126
0.260000 -3.980053
0.260000 -0.810969
0.260000 -0.810969
0.260000 2.422977
0.260000 4.248791
0.260000 4.248791
0.260000 7.487219
0.260000 7.487219
0.260000 7.681487
0.260000 9.098885
0.260000 12.066813
0.260000 15.906874
0.260000 15.906874
0.260000 19.060674
0.260000 19.801446

0.280000 -12.104233
0.280000 -3.589270
0.280000 -0.736031
0.280000 -0.736031
0.280000 2.518285
0.280000 4.216221
0.280000 4.216221
0.280000 7.278251
0.280000 7.376500
0.280000 7.376500
0.280000 9.225540
0.280000 11.566940
0.280000 15.436747
0.280000 15.436747
0.280000 18.518014
0.280000 20.447807

0.300000 -12.213134
0.300000 -3.191652
0.300000 -0.658221
0.300000 -0.658221
0.300000 2.618620
0.300000 4.158320
0.300000 4.158320
0.300000 6.877506
0.300000 7.314763
0.300000 7.314763
0.300000 9.300288
0.300000 11.162237
0.300000 14.984475
0.300000 14.984475
0.300000 17.985421
0.300000 21.108034

0.320000 -12.312459
0.320000 -2.789226
0.320000 -0.578567
0.320000 -0.578567
0.320000 2.722884
0.320000 4.077256
0.320000 4.077256
0.320000 6.479047
0.320000 7.299227
0.320000 7.299227
0.320000 9.268684
0.320000 10.909833
0.320000 14.553049
0.320000 14.553049
0.320000 17.466975
0.320000 21.780387

0.340000 -12.401919
0.340000 -2.384536
0.340000 -0.498345
0.340000 -0.498345
0.340000 2.829571
0.340000 3.978033
0.340000 3.978033
0.340000 6.083203
0.340000 7.324005
0.340000 7.324005
0.340000 9.095816
0.340000 10.847504
0.340000 14.145300
0.340000 14.145300
0.340000 16.964715
0.340000 22.463615

0.360000 -12.481286
0.360000 -1.980946
0.360000 -0.419120
0.360000 -0.419120
0.360000 2.936603
0.360000 3.867435
0.360000 3.867435
0.360000 5.691403
0.360000 7.381060
0.360000 7.381060
0.360000 8.822443
0.360000 10.937298
0.360000 13.764436
0.360000 13.764436
0.360000 16.480343
0.360000 23.156455

0.380000 -12.550378
0.380000 -1.583113
0.380000 -0.342777
0.380000 -0.342777
0.380000 3.041120
0.380000 3.752868
0.380000 3.752868
0.380000 5.306925
0.380000 7.461215
0.380000 7.461215
0.380000 8.515318
0.380000 11.114880
0.380000 13.414358
0.380000 13.414358
0.380000 16.015916
0.380000 23.857293

0.400000 -12.609051
0.400000 -1.197750
0.400000 -0.271529
0.400000 -0.271529
0.400000 3.139160
0.400000 3.641550
0.400000 3.641550
0.400000 4.935992
0.400000 7.554790
0.400000 7.554790
0.400000 8.217502
0.400000 11.338701
0.400000 13.099907
0.400000 13.099907
0.400000 15.574496
0.400000 24.563717

0.420000 -12.657195
0.420000 -0.834812
0.420000 -0.207875
0.420000 -0.207875
0.420000 3.225204
0.420000 3.540100
0.420000 3.540100
0.420000 4.589387
0.420000 7.651836
0.420000 7.651836
0.420000 7.952144
0.420000 11.585229
0.420000 12.827027
0.420000 12.827027
0.420000 15.161215
0.420000 25.271636

0.440000 -12.694722
0.440000 -0.509232
0.440000 -0.154487
0.440000 -0.154487
0.440000 3.291651
0.440000 3.454355
0.440000 3.454355
0.440000 4.284708
0.440000 7.732960
0.440000 7.742256
0.440000 7.742256
0.440000 11.836325
0.440000 12.602735
0.440000 12.602735
0.440000 14.785472
0.440000 25.973184

0.460000 -12.721571
0.460000 -0.242768
0.460000 -0.113988
0.460000 -0.113988
0.460000 3.329489
0.460000 3.389231
0.460000 3.389231
0.460000 4.047705
0.460000 7.569362
0.460000 7.816151
0.460000 7.816151
0.460000 12.069365
0.460000 12.434691
0.460000 12.434691
0.460000 14.465520
0.460000 26.650381

0.480000 -12.737697
0.480000 -0.088644
0.480000 -0.088644
0.480000 -0.063761
0.480000 3.336605
0.480000 3.348529
0.480000 3.348529
0.480000 3.904224
0.480000 7.468219
0.480000 7.864716
0.480000 7.864716
0.480000 12.247202
0.480000 12.330206
0.480000 12.330206
0.480000 14.236253
0.480000 27.249273

0.500000 -12.743075
0.500000 -0.080011
0.500000 -0.080011
0.500000 0.000000
0.500000 3.332882
0.500000 3.334681
0.500000 3.334681
0.500000 3.858814
0.500000 7.433981
0.500000 7.881672
0.500000 7.881672
0.500000 12.294702
0.500000 12.294702
0.500000 12.316767
0.500000 14.149654
0.500000 27.383241

0.500000 -12.743075
0.500000 -0.080011
0.500000 -0.080011
0.500000 0.000000
0.500000 3.332882
0.500000 3.334681
0.500000 3.334681
0.500000 3.858814
0.500000 7.433981
0.500000 7.881672
0.500000 7.881672
0.500000 12.294702
0.500000 12.294702
0.500000 12.316767
0.500000 14.149654
0.500000 27.383241

0.520000 -12.741282
0.520000 -0.091023
0.520000 -0.087257
0.520000 -0.009095
0.520000 3.326818
0.520000 3.343681
0.520000 3.344667
0.520000 3.871856
0.520000 7.445413
0.520000 7.868240
0.520000 7.883687
0.520000 12.290675
0.520000 12.297871
0.520000 12.317437
0.520000 14.179262
0.520000 27.296673

0.540000 -12.735904
0.540000 -0.124420
0.540000 -0.108728
0.540000 -0.035215
0.540000 3.305417
0.540000 3.373845
0.540000 3.374355
0.540000 3.910401
0.540000 7.479457
0.540000 7.828474
0.540000 7.889731
0.540000 12.275667
0.540000 12.307380
0.540000 12.324256
0.540000 14.265750
0.540000 27.043663

0.560000 -12.726941
0.560000 -0.180623
0.560000 -0.143668
0.560000 -0.075679
0.560000 3.270475
0.560000 3.422984
0.560000 3.423266
0.560000 3.972787
0.560000 7.535384
0.560000 7.763916
0.560000 7.899806
0.560000 12.252558
0.560000 12.323233
0.560000 12.338995
0.560000 14.403163
0.560000 26.713963

0.580000 -12.714395
0.580000 -0.258855
0.580000 -0.190929
0.580000 -0.127903
0.580000 3.223100
0.580000 3.489393
0.580000 3.490704
0.580000 4.056467
0.580000 7.612053
0.580000 7.677038
0.580000 7.913910
0.580000 12.227667
0.580000 12.345438
0.580000 12.360697
0.580000 14.584118
0.580000 26.360836

0.600000 -12.698268
0.600000 -0.356912
0.600000 -0.249109
0.600000 -0.190096
0.600000 3.164655
0.600000 3.572165
0.600000 3.574674
0.600000 4.158264
0.600000 7.570895
0.600000 7.708235
0.600000 7.932043
0.600000 12.205920
0.600000 12.374005
0.600000 12.388976
0.600000 14.801545
0.600000 25.999950

0.620000 -12.678563
0.620000 -0.471971
0.620000 -0.316691
0.620000 -0.260886
0.620000 3.096649
0.620000 3.669763
0.620000 3.673575
0.620000 4.274563
0.620000 7.449525
0.620000 7.822214
0.620000 7.954206
0.620000 12.190605
0.620000 12.408946
0.620000 12.423715
0.620000 15.049453
0.620000 25.636943

0.640000 -12.655283
0.640000 -0.601263
0.640000 -0.392152
0.640000 -0.338981
0.640000 3.020619
0.640000 3.780639
0.640000 3.785808
0.640000 4.401365
0.640000 7.317250
0.640000 7.952555
0.640000 7.980399
0.640000 12.183654
0.640000 12.450278
0.640000 12.464878
0.640000 15.323044
0.640000 25.274316

0.660000 -12.628433
0.660000 -0.742332
0.660000 -0.474047
0.660000 -0.423108
0.660000 2.938051
0.660000 3.903321
0.660000 3.909859
0.660000 4.534138
0.660000 7.179202
0.660000 8.010621
0.660000 8.097762
0.660000 12.186028
0.660000 12.498017
0.660000 12.512461
0.660000 15.618537
0.660000 24.913341

0.680000 -12.598017
0.680000 -0.893089
0.680000 -0.561057
0.680000 -0.512058
0.680000 2.850322
0.680000 4.036458
0.680000 4.044346
0.680000 4.667435
0.680000 7.041525
0.680000 8.044872
0.680000 8.256455
0.680000 12.198060
0.680000 12.552182
0.680000 12.566472
0.680000 15.932961
0.680000 24.554740

0.700000 -12.564041
0.700000 -1.051796
0.700000 -0.652009
0.700000 -0.604727
0.700000 2.758675
0.700000 4.178838
0.700000 4.188033
0.700000 4.794237
0.700000 6.911975
0.700000 8.083152
0.700000 8.427390
0.700000 12.219721
0.700000 12.612794
0.700000 12.626926
0.700000 16.263963
0.700000 24.198952

0.720000 -12.526511
0.720000 -1.217021
0.720000 -0.745877
0.720000 -0.700133
0.720000 2.664209
0.720000 4.329399
0.720000 4.339834
0.720000 4.905120
0.720000 6.800707
0.720000 8.125460
0.720000 8.609464
0.720000 12.250793
0.720000 12.679873
0.720000 12.693841
0.720000 16.609659
0.720000 23.846259

0.740000 -12.485433
0.740000 -1.387590
0.740000 -0.841777
0.740000 -0.797423
0.740000 2.567883
0.740000 4.487212
0.740000 4.498790
0.740000 4.987867
0.740000 6.720637
0.740000 8.171798
0.740000 8.801710
0.740000 12.290982
0.740000 12.753440
0.740000 12.767234
0.740000 16.968526
0.740000 23.496855

0.760000 -12.440816
0.760000 -1.562543
0.760000 -0.938952
0.760000 -0.895862
0.760000 2.470526
0.760000 4.651475
0.760000 4.664015
0.760000 5.029233
0.760000 6.685700
0.760000 8.222163
0.760000 9.003294
0.760000 12.339985
0.760000 12.833516
0.760000 12.847126
0.760000 17.339320
0.760000 23.150875

0.780000 -12.392667
0.780000 -1.741097
0.780000 -1.036757
0.780000 -0.994822
0.780000 2.372851
0.780000 4.821493
0.780000 4.834324
0.780000 5.020564
0.780000 6.705567
0.780000 8.276557
0.780000 9.213491
0.780000 12.397523
0.780000 12.920118
0.780000 12.933532
0.780000 17.721015
0.780000 22.808419

0.800000 -12.340995
0.800000 -1.922609
0.800000 -1.134641
0.800000 -1.093766
0.800000 2.275471
0.800000 4.953807
0.800000 4.996666
0.800000 5.017672
0.800000 6.780191
0.800000 8.334979
0.800000 9.431678
0.800000 12.463357
0.800000 13.013261
0.800000 13.026469
0.800000 18.112757
0.800000 22.469562

0.820000 -12.285811
0.820000 -2.106551
0.820000 -1.232136
0.820000 -1.192238
0.820000 2.178911
0.820000 4.857602
0.820000 5.176472
0.820000 5.194082
0.820000 6.900762
0.820000 8.397428
0.820000 9.657316
0.820000 12.537303
0.820000 13.112954
0.820000 13.125945
0.820000 18.513831
0.820000 22.134362

0.840000 -12.227125
0.840000 -2.292484
0.840000 -1.328844
0.840000 -1.289846
0.840000 2.083621
0.840000 4.728303
0.840000 5.360458
0.840000 5.378621
0.840000 7.055708
0.840000 8.463905
0.840000 9.889934
0.840000 12.619222
0.840000 13.219202
0.840000 13.231963
0.840000 18.923629
0.840000 21.802866

0.860000 -12.164948
0.860000 -2.480046
0.860000 -1.424422
0.860000 -1.386259
0.860000 1.989988
0.860000 4.579757
0.860000 5.548227
0.860000 5.567195
0.860000 7.235113
0.860000 8.534408
0.860000 10.129125
0.860000 12.709026
0.860000 13.331999
0.860000 13.344518
0.860000 19.341636
0.860000 21.475110

0.880000 -12.099293
0.880000 -2.668928
0.880000 -1.518578
0.880000 -1.481189
0.880000 1.898346
0.880000 4.419508
0.880000 5.739430
0.880000 5.759249
0.880000 7.431815
0.880000 8.608939
0.880000 10.374526
0.880000 12.806671
0.880000 13.451326
0.880000 13.463592
0.880000 19.767409
0.880000 21.151126

0.900000 -12.030173
0.900000 -2.858871
0.900000 -1.611060
0.900000 -1.574392
0.900000 1.808985
0.900000 4.252601
0.900000 5.933759
0.900000 5.954429
0.900000 7.640927
0.900000 8.687495
0.900000 10.625815
0.900000 12.912154
0.900000 13.577150
0.900000 13.589149
0.900000 20.200563
0.900000 20.830940

0.920000 -11.957601
0.920000 -3.049650
0.920000 -1.701650
0.920000 -1.665654
0.920000 1.722157
0.920000 4.082439
0.920000 6.130940
0.920000 6.152448
0.920000 7.859128
0.920000 8.770078
0.920000 10.882699
0.920000 13.025504
0.920000 13.709413
0.920000 13.721134
0.920000 20.514576
0.920000 20.640760

0.940000 -11.881594
0.940000 -3.241071
0.940000 -1.790160
0.940000 -1.754791
0.940000 1.638080
0.940000 3.911357
0.940000 6.330729
0.940000 6.353057
0.940000 8.084106
0.940000 8.856685
0.940000 11.144907
0.940000 13.146786
0.940000 13.848031
0.940000 13.859460
0.940000 20.202054
0.940000 20.910535

0.960000 -11.802166
0.960000 -3.432961
0.960000 -1.876424
0.960000 -1.841643
0.960000 1.556949
0.960000 3.740998
0.960000 6.532910
0.960000 6.556036
0.960000 8.314200
0.960000 8.947318
0.960000 11.412181
0.960000 13.276087
0.960000 13.992880
0.960000 14.004003
0.960000 19.893394
0.960000 20.596812

0.980000 -11.719336
0.980000 -3.625166
0.980000 -1.960300
0.980000 -1.926071
0.980000 1.478933
0.980000 3.572547
0.980000 6.737285
0.980000 6.761188
0.980000 8.548165
0.980000 9.041976
0.980000 11.684272
0.980000 13.413518
0.980000 14.143780
0.980000 14.154584
0.980000 19.588615
0.980000 20.287037

1.000000 -11.633121
1.000000 -3.817543
1.000000 -2.041661
1.000000 -2.007951
1.000000 1.404183
1.000000 3.406881
1.000000 6.943681
1.000000 6.968341
1.000000 8.785038
1.000000 9.140657
1.000000 11.960927
1.000000 13.559207
1.000000 14.300480
1.000000 14.310947
1.000000 19.287736
1.000000 19.981519

1.020000 -11.543541
1.020000 -4.009962
1.020000 -2.120398
1.020000 -2.087176
1.020000 1.332835
1.020000 3.244658
1.020000 7.151939
1.020000 7.177335
1.020000 9.024045
1.020000 9.243362
1.020000 12.241880
1.020000 13.713295
1.020000 14.462617
1.020000 14.472731
1.020000 18.990779
1.020000 19.680659

1.040000 -11.450615
1.040000 -4.202300
1.040000 -2.196411
1.040000 -2.163650
1.040000 1.265010
1.040000 3.086383
1.040000 7.361917
1.040000 7.388031
1.040000 9.264548
1.040000 9.350090
1.040000 12.526845
1.040000 13.875929
1.040000 14.629674
1.040000 14.639413
1.040000 18.697769
1.040000 19.384992

1.060000 -11.354367
1.060000 -4.394440
1.060000 -2.269616
1.060000 -2.237289
1.060000 1.200817
1.060000 2.932444
1.060000 7.573489
1.060000 7.600300
1.060000 9.460840
1.060000 9.506010
1.060000 12.815492
1.060000 14.047256
1.060000 14.800888
1.060000 14.810233
1.060000 18.408738
1.060000 19.095271

1.080000 -11.254818
1.080000 -4.586271
1.080000 -2.339934
1.080000 -2.308018
1.080000 1.140358
1.080000 2.783144
1.080000 7.786539
1.080000 7.814029
1.080000 9.575613
1.080000 9.747974
1.080000 13.107435
1.080000 14.227423
1.080000 14.975122
1.080000 14.984050
1.080000 18.123729
1.080000 18.812605

1.100000 -11.151992
1.100000 -4.777682
1.100000 -2.407298
1.100000 -2.375771
1.100000 1.083723
1.100000 2.638718
1.100000 8.000962
1.100000 8.029115
1.100000 9.694407
1.100000 9.990047
1.100000 13.402194
1.100000 14.416563
1.100000 15.150616
1.100000 15.159110
1.100000 17.842802
1.100000 18.538684

1.120000 -11.045917
1.120000 -4.968566
1.120000 -2.471647
1.120000 -2.440488
1.120000 1.030996
1.120000 2.499351
1.120000 8.216664
1.120000 8.245463
1.120000 9.817221
1.120000 10.231896
1.120000 13.699156
1.120000 14.614794
1.120000 15.324549
1.120000 15.332613
1.120000 17.566048
1.120000 18.276215

1.140000 -10.936617
1.140000 -5.158820
1.140000 -2.532925
1.140000 -2.502117
1.140000 0.982257
1.140000 2.365182
1.140000 8.433558
1.140000 8.462987
1.140000 9.944055
1.140000 10.473239
1.140000 13.997502
1.140000 14.822210
1.140000 15.492233
1.140000 15.499934
1.140000 17.293614
1.140000 18.029699

1.160000 -10.824123
1.160000 -5.348338
1.160000 -2.591085
1.160000 -2.560610
1.160000 0.937578
1.160000 2.236320
1.160000 8.651561
1.160000 8.681606
1.160000 10.074908
1.160000 10.713845
1.160000 14.296101
1.160000 15.038881
1.160000 15.645632
1.160000 15.653218
1.160000 17.025747
1.160000 17.806865

1.180000 -10.708464
1.180000 -5.537019
1.180000 -2.646083
1.180000 -2.615924
1.180000 0.897029
1.180000 2.112842
1.180000 8.870596
1.180000 8.901243
1.180000 10.209780
1.180000 10.953535
1.180000 14.593330
1.180000 15.264839
1.180000 15.771007
1.180000 15.779232
1.180000 16.762895
1.180000 17.620928

1.200000 -10.589672
1.200000 -5.724762
1.200000 -2.697880
1.200000 -2.668021
1.200000 0.860676
1.200000 1.994807
1.200000 9.090582
1.200000 9.121819
1.200000 10.348670
1.200000 11.192175
1.200000 14.886780
1.200000 15.500081
1.200000 15.846947
1.200000 15.857815
1.200000 16.505912
1.200000 17.492343

1.220000 -10.467781
1.220000 -5.911464
1.220000 -2.746440
1.220000 -2.716867
1.220000 0.828580
1.220000 1.882250
1.220000 9.311433
1.220000 9.343251
1.220000 10.491577
1.220000 11.429677
1.220000 15.172738
1.220000 15.744531
1.220000 15.848763
1.220000 15.866735
1.220000 16.256465
1.220000 17.444009

1.240000 -10.342825
1.240000 -6.097029
1.240000 -2.791732
1.240000 -2.762433
1.240000 0.800801
1.240000 1.775194
1.240000 9.533055
1.240000 9.565446
1.240000 10.638499
1.240000 11.665997
1.240000 15.445297
1.240000 15.764354
1.240000 15.796877
1.240000 15.998319
1.240000 16.017350
1.240000 17.485079

1.260000 -10.214842
1.260000 -6.281356
1.260000 -2.833728
1.260000 -2.804689
1.260000 0.777398
1.260000 1.673645
1.260000 9.755329
1.260000 9.788288
1.260000 10.789437
1.260000 11.901130
1.260000 15.605633
1.260000 15.659410
1.260000 15.697089
1.260000 15.790032
1.260000 16.261002
1.260000 17.601988

1.280000 -10.083870
1.280000 -6.464349
1.280000 -2.872402
1.280000 -2.843612
1.280000 0.758427
1.280000 1.577603
1.280000 9.978109
1.280000 10.011634
1.280000 10.944389
1.280000 12.135105
1.280000 15.401057
1.280000 15.481560
1.280000 15.568682
1.280000 15.908114
1.280000 16.532591
1.280000 17.771878

1.300000 -9.949951
1.300000 -6.645912
1.300000 -2.907733
1.300000 -2.879181
1.300000 0.743941
1.300000 1.487054
1.300000 10.201191
1.300000 10.235287
1.300000 11.103355
1.300000 12.367979
1.300000 15.176803
1.300000 15.276414
1.300000 15.345362
1.300000 16.063174
1.300000 16.812859
1.300000 17.976226

1.320000 -9.813128
1.320000 -6.825953
1.320000 -2.939700
1.320000 -2.911375
1.320000 0.733995
1.320000 1.401978
1.320000 10.424296
1.320000 10.458971
1.320000 11.266333
1.320000 12.599828
1.320000 14.946351
1.320000 15.056930
1.320000 15.118140
1.320000 16.140861
1.320000 17.101554
1.320000 18.203123

1.340000 -9.673445
1.340000 -7.004377
1.340000 -2.968286
1.340000 -2.940178
1.340000 0.728641
1.340000 1.322352
1.340000 10.647011
1.340000 10.682283
1.340000 11.433322
1.340000 12.830742
1.340000 14.715109
1.340000 14.830155
1.340000 14.888601
1.340000 16.133916
1.340000 17.398376
1.340000 18.362950

1.360000 -9.530950
1.360000 -7.181096
1.360000 -2.993476
1.360000 -2.965574
1.360000 0.727929
1.360000 1.248143
1.360000 10.868715
1.360000 10.904611
1.360000 11.604321
1.360000 13.060811
1.360000 14.485390
1.360000 14.600612
1.360000 14.658916
1.360000 16.053826
1.360000 17.702969
1.360000 18.548043

1.380000 -9.385693
1.380000 -7.356021
1.380000 -3.015255
1.380000 -2.987551
1.380000 0.731911
1.380000 1.179318
1.380000 11.088431
1.380000 11.124992
1.380000 11.779329
1.380000 13.290111
1.380000 14.258517
1.380000 14.371642
1.380000 14.431080
1.380000 15.921178
1.380000 18.014893
1.380000 18.789963

1.400000 -9.237725
1.400000 -7.529067
1.400000 -3.033612
1.400000 -3.006098
1.400000 0.740633
1.400000 1.115842
1.400000 11.304558
1.400000 11.341837
1.400000 11.958345
1.400000 13.518677
1.400000 14.035696
1.400000 14.146351
1.400000 14.206955
1.400000 15.754345
1.400000 18.333579
1.400000 19.068626

1.420000 -9.087100
1.420000 -7.700149
1.420000 -3.048537
1.420000 -3.021204
1.420000 0.754140
1.420000 1.057679
1.420000 11.514336
1.420000 11.552396
1.420000 12.141368
1.420000 13.746213
1.420000 13.818534
1.420000 13.928777
1.420000 13.988642
1.420000 15.565994
1.420000 18.658230
1.420000 19.367841

1.440000 -8.933876
1.440000 -7.869187
1.440000 -3.060023
1.440000 -3.032863
1.440000 0.772468
1.440000 1.004800
1.440000 11.712745
1.440000 11.751630
1.440000 12.328395
1.440000 13.609410
1.440000 13.722683
1.440000 13.779404
1.440000 13.974598
1.440000 15.364082
1.440000 18.987588
1.440000 19.670973

1.460000 -8.778111
1.460000 -8.036102
1.460000 -3.068063
1.460000 -3.041069
1.460000 0.795624
1.460000 0.957204
1.460000 11.890234
1.460000 11.929871
1.460000 12.519426
1.460000 13.411193
1.460000 13.541059
1.460000 13.586338
1.460000 14.200806
1.460000 15.153521
1.460000 19.319349
1.460000 19.931398

1.480000 -8.619868
1.480000 -8.200818
1.480000 -3.072653
1.480000 -3.045816
1.480000 0.823482
1.480000 0.915020
1.480000 12.028734
1.480000 12.068655
1.480000 12.714457
1.480000 13.224174
1.480000 13.401050
1.480000 13.427490
1.480000 14.426087
1.480000 14.937483
1.480000 19.648395
1.480000 20.087213

1.500000 -8.459214
1.500000 -8.363258
1.500000 -3.073788
1.500000 -3.047103
1.500000 0.853906
1.500000 0.880388
1.500000 12.099596
1.500000 12.138580
1.500000 12.913466
1.500000 13.041226
1.500000 13.332398
1.500000 13.338817
1.500000 14.646076
1.500000 14.721705
1.500000 19.959727
1.500000 19.991705

1.500000 -8.393981
1.500000 -8.291492
1.500000 -3.056490
1.500000 -2.995041
1.500000 0.906750
1.500000 0.962653
1.500000 12.242049
1.500000 12.313295
1.500000 12.978257
1.500000 13.339390
1.500000 13.348243
1.500000 13.441652
1.500000 14.713911
1.500000 14.884329
1.500000 19.981121
1.500000 20.055928

1.520000 -8.400358
1.520000 -8.290728
1.520000 -3.054996
1.520000 -3.038240
1.520000 0.908559
1.520000 1.020802
1.520000 12.024258
1.520000 12.183580
1.520000 12.693169
1.520000 13.224290
1.520000 13.582458
1.520000 13.678042
1.520000 14.831198
1.520000 15.011036
1.520000 19.620377
1.520000 20.028574

1.540000 -8.409464
1.540000 -8.282285
1.540000 -3.125396
1.540000 -3.047388
1.540000 0.917379
1.540000 1.148824
1.540000 11.762680
1.540000 11.977703
1.540000 12.344899
1.540000 12.990483
1.540000 13.847332
1.540000 14.011412
1.540000 15.062253
1.540000 15.226529
1.540000 19.252470
1.540000 19.964868

1.560000 -8.422070
1.560000 -8.265799
1.560000 -3.247397
1.560000 -3.033697
1.560000 0.933171
1.560000 1.337955
1.560000 11.484654
1.560000 11.723697
1.560000 11.992863
1.560000 12.706514
1.560000 14.117489
1.560000 14.371022
1.560000 15.346172
1.560000 15.501827
1.560000 18.891733
1.560000 19.836871

1.580000 -8.438976
1.580000 -8.241072
1.580000 -3.393673
1.580000 -3.013961
1.580000 0.955959
1.580000 1.578060
1.580000 11.201012
1.580000 11.442070
1.580000 11.643543
1.580000 12.401597
1.580000 14.394425
1.580000 14.737295
1.580000 15.651047
1.580000 15.814974
1.580000 18.542803
1.580000 19.631248

1.600000 -8.461003
1.600000 -8.208072
1.600000 -3.554184
1.600000 -2.988234
1.600000 0.985727
1.600000 1.859704
1.600000 10.916686
1.600000 11.145848
1.600000 11.298776
1.600000 12.088667
1.600000 14.675231
1.600000 15.105343
1.600000 15.958091
1.600000 16.150760
1.600000 18.211447
1.600000 19.371338

1.620000 -8.489060
1.620000 -8.166840
1.620000 -3.720316
1.620000 -2.956581
1.620000 1.022436
1.620000 2.174993
1.620000 10.634297
1.620000 10.843093
1.620000 10.959401
1.620000 11.773932
1.620000 14.957744
1.620000 15.472614
1.620000 16.247735
1.620000 16.497001
1.620000 17.910047
1.620000 19.089820

1.640000 -8.524167
1.640000 -8.117433
1.640000 -3.885016
1.640000 -2.919080
1.640000 1.066032
1.640000 2.517636
1.640000 10.355439
1.640000 10.538948
1.640000 10.625910
1.640000 11.460711
1.640000 15.240470
1.640000 15.837040
1.640000 16.481743
1.640000 16.839257
1.640000 17.672103
1.640000 18.812702

1.660000 -8.567419
1.660000 -8.059902
1.660000 -4.042610
1.660000 -2.875825
1.660000 1.116448
1.660000 2.882671
1.660000 10.081200
1.660000 10.236907
1.660000 10.298646
1.660000 11.150964
1.660000 15.522337
1.660000 16.196633
1.660000 16.575105
1.660000 17.149761
1.660000 17.578978
1.660000 18.571701

1.680000 -8.619912
1.680000 -7.994288
1.680000 -4.188567
1.680000 -2.826926
1.680000 1.173603
1.680000 3.266087
1.680000 9.812390
1.680000 9.939581
1.680000 9.977867
1.680000 10.845946
1.680000 15.802555
1.680000 16.468418
1.680000 16.549406
1.680000 17.358789
1.680000 17.686786
1.680000 18.436532

1.700000 -8.682641
1.700000 -7.920623
1.700000 -4.319315
1.700000 -2.772506
1.700000 1.237401
1.700000 3.664439
1.700000 9.549658
1.700000 9.649205
1.700000 9.663779
1.700000 10.546527
1.700000 16.080546
1.700000 16.243540
1.700000 16.893419
1.700000 17.361075
1.700000 17.910176
1.700000 18.510376

1.720000 -8.756394
1.720000 -7.838933
1.720000 -4.432122
1.720000 -2.712711
1.720000 1.307730
1.720000 4.074441
1.720000 9.293545
1.720000 9.356563
1.720000 9.368057
1.720000 10.253347
1.720000 15.977436
1.720000 16.355912
1.720000 17.187263
1.720000 17.226898
1.720000 18.168798
1.720000 18.758358

1.740000 -8.841644
1.740000 -7.749242
1.740000 -4.525040
1.740000 -2.647704
1.740000 1.384458
1.740000 4.492465
1.740000 9.044314
1.740000 9.056588
1.740000 9.098932
1.740000 9.966908
1.740000 15.699284
1.740000 16.628412
1.740000 16.941576
1.740000 17.548395
1.740000 18.429456
1.740000 19.070405

1.750000 -8.888622
1.750000 -7.701402
1.750000 -4.563631
1.750000 -2.613302
1.750000 1.425174
1.750000 4.703075
1.750000 8.908501
1.750000 8.923275
1.750000 8.970069
1.750000 9.826347
1.750000 15.559306
1.750000 16.763553
1.750000 16.808298
1.750000 17.704331
1.750000 18.555273
1.750000 19.231759

1.750000 -8.888622
1.750000 -7.701402
1.750000 -4.563631
1.750000 -2.613302
1.750000 1.425174
1.750000 4.703075
1.750000 8.908501
1.750000 8.923275
1.750000 8.970069
1.750000 9.826347
1.750000 15.559306
1.750000 16.763553
1.750000 16.808298
1.750000 17.704331
1.750000 18.555273
1.750000 19.231759

1.770000 -8.991146
1.770000 -7.599749
1.770000 -4.624644
1.770000 -2.540831
1.770000 1.511201
1.770000 5.123488
1.770000 8.619177
1.770000 8.685641
1.770000 8.727366
1.770000 9.550776
1.770000 15.280847
1.770000 16.533659
1.770000 17.031619
1.770000 18.006266
1.770000 18.789625
1.770000 19.547674

1.790000 -9.104598
1.790000 -7.490146
1.790000 -4.663964
1.790000 -2.463654
1.790000 1.603191
1.790000 5.534303
1.790000 8.336921
1.790000 8.456426
1.790000 8.512778
1.790000 9.282886
1.790000 15.006668
1.790000 16.255596
1.790000 17.296829
1.790000 18.295024
1.790000 18.987109
1.790000 19.841472

1.810000 -9.228072
1.810000 -7.372614
1.810000 -4.681902
1.810000 -2.382020
1.810000 1.700915
1.810000 5.917696
1.810000 8.061993
1.810000 8.235870
1.810000 8.343654
1.810000 9.023001
1.810000 14.738354
1.810000 15.978470
1.810000 17.559394
1.810000 18.571262
1.810000 19.119151
1.810000 20.103553

1.830000 -9.360371
1.830000 -7.247175
1.830000 -4.679187
1.830000 -2.296206
1.830000 1.804103
1.830000 6.240211
1.830000 7.794475
1.830000 8.024380
1.830000 8.253009
1.830000 8.771444
1.830000 14.476811
1.830000 15.704392
1.830000 17.819618
1.830000 18.836185
1.830000 19.130119
1.830000 20.327651

1.850000 -9.500115
1.850000 -7.113853
1.850000 -4.656839
1.850000 -2.206520
1.850000 1.912439
1.850000 6.451095
1.850000 7.534435
1.850000 7.822375
1.850000 8.291095
1.850000 8.528609
1.850000 14.222610
1.850000 15.434494
1.850000 18.077873
1.850000 18.949163
1.850000 19.091395
1.850000 20.504554

1.870000 -9.645837
1.870000 -6.972675
1.870000 -4.616051
1.870000 -2.113304
1.870000 2.025549
1.870000 6.516548
1.870000 7.281928
1.870000 7.630287
1.870000 8.294193
1.870000 8.491911
1.870000 13.976135
1.870000 15.169435
1.870000 18.334575
1.870000 18.574397
1.870000 19.338700
1.870000 20.608917

1.890000 -9.796066
1.890000 -6.823667
1.890000 -4.558088
1.890000 -2.016937
1.890000 2.142987
1.890000 6.461599
1.890000 7.037006
1.890000 7.448565
1.890000 8.069746
1.890000 8.828727
1.890000 13.737663
1.890000 14.909658
1.890000 18.080720
1.890000 18.590156
1.890000 19.579960
1.890000 20.577965

1.910000 -9.949394
1.910000 -6.666862
1.910000 -4.484212
1.910000 -1.917838
1.910000 2.264227
1.910000 6.336731
1.910000 6.799713
1.910000 7.277677
1.910000 7.854909
1.910000 9.251163
1.910000 13.507402
1.910000 14.655557
1.910000 17.531173
1.910000 18.845023
1.910000 19.816963
1.910000 20.340038

1.930000 -10.104514
1.930000 -6.502295
1.930000 -4.395640
1.930000 -1.816464
1.930000 2.388634
1.930000 6.177465
1.930000 6.570088
1.930000 7.118111
1.930000 7.650296
1.930000 9.722580
1.930000 13.285512
1.930000 14.407668
1.930000 16.957644
1.930000 19.099513
1.930000 19.934550
1.930000 20.051349

1.950000 -10.260240
1.950000 -6.330008
1.950000 -4.293510
1.950000 -1.713316
1.950000 2.515452
1.950000 6.002637
1.950000 6.348167
1.950000 6.970379
1.950000 7.456474
1.950000 10.222522
1.950000 13.072109
1.950000 14.166985
1.950000 16.375189
1.950000 19.353794
1.950000 19.453054
1.950000 20.284572

1.970000 -10.415518
1.970000 -6.150044
1.970000 -4.178876
1.970000 -1.608937
1.970000 2.643773
1.970000 5.821913
1.970000 6.133981
1.970000 6.835014
1.970000 7.274101
1.970000 10.738327
1.970000 12.867252
1.970000 13.935709
1.970000 15.791467
1.970000 18.946291
1.970000 19.607671
1.970000 20.517885

1.990000 -10.569417
1.990000 -5.962456
1.990000 -4.052707
1.990000 -1.503910
1.990000 2.772505
1.990000 5.640485
1.990000 5.927559
1.990000 6.712573
1.990000 7.103949
1.990000 11.258303
1.990000 12.670916
1.990000 13.719305
1.990000 15.210868
1.990000 18.435910
1.990000 19.860052
1.990000 20.752334

2.010000 -10.721129
2.010000 -5.767304
2.010000 -3.915896
2.010000 -1.398858
2.010000 2.900346
2.010000 5.461330
2.010000 5.728925
2.010000 6.603627
2.010000 6.946929
2.010000 11.762513
2.010000 12.482917
2.010000 13.533374
2.010000 14.636350
2.010000 17.932232
2.010000 20.107121
2.010000 20.988715

2.030000 -10.869949
2.030000 -5.564658
2.030000 -3.769271
2.030000 -1.294434
2.030000 3.025748
2.030000 5.286258
2.030000 5.538105
2.030000 6.508760
2.030000 6.804097
2.030000 12.195349
2.030000 12.303144
2.030000 13.429401
2.030000 14.070465
2.030000 17.441489
2.030000 20.333312
2.030000 21.226487

2.050000 -11.015270
2.050000 -5.354597
2.050000 -3.613610
2.050000 -1.191322
2.050000 3.146903
2.050000 5.116436
2.050000 5.355117
2.050000 6.428554
2.050000 6.676655
2.050000 12.128112
2.050000 12.419062
2.050000 13.515139
2.050000 13.544366
2.050000 16.968848
2.050000 20.442973
2.050000 21.089720

2.070000 -11.156568
2.070000 -5.137214
2.070000 -3.449656
2.070000 -1.090216
2.070000 3.261745
2.070000 4.952654
2.070000 5.179981
2.070000 6.363582
2.070000 6.565910
2.070000 11.956019
2.070000 12.375178
2.070000 12.979388
2.070000 13.925199
2.070000 16.520771
2.070000 20.161482
2.070000 21.093362

2.090000 -11.293391
2.090000 -4.912622
2.090000 -3.278136
2.090000 -0.991814
2.090000 3.368004
2.090000 4.795475
2.090000 5.012714
2.090000 6.314382
2.090000 6.473170
2.090000 11.772404
2.090000 12.203607
2.090000 12.474866
2.090000 14.422761
2.090000 16.111200
2.090000 19.679260
2.090000 21.310610

2.110000 -11.425349
2.110000 -4.680950
2.110000 -3.099774
2.110000 -0.896800
2.110000 3.463331
2.110000 4.645314
2.110000 4.853332
2.110000 6.281443
2.110000 6.399559
2.110000 11.531638
2.110000 11.983621
2.110000 12.050263
2.110000 14.895417
2.110000 15.801384
2.110000 19.168487
2.110000 21.570498

2.130000 -11.552106
2.130000 -4.442356
2.130000 -2.915311
2.130000 -0.805821
2.130000 3.545509
2.130000 4.502499
2.130000 4.701848
2.130000 6.265174
2.130000 6.345698
2.130000 11.163939
2.130000 11.740568
2.130000 11.775712
2.130000 15.010721
2.130000 15.900281
2.130000 18.657346
2.130000 21.289082

2.150000 -11.673370
2.150000 -4.197027
2.150000 -2.725524
2.150000 -0.719471
2.150000 3.612746
2.150000 4.367293
2.150000 4.558274
2.150000 6.265878
2.150000 6.311253
2.150000 10.712164
2.150000 11.481500
2.150000 11.611257
2.150000 14.758266
2.150000 16.411041
2.150000 18.152640
2.150000 20.784822

2.170000 -11.788892
2.170000 -3.945193
2.170000 -2.531244
2.170000 -0.638268
2.170000 3.663978
2.170000 4.239923
2.170000 4.422624
2.170000 6.283722
2.170000 6.294381
2.170000 10.242677
2.170000 11.208246
2.170000 11.494824
2.170000 14.454830
2.170000 17.014240
2.170000 17.656990
2.170000 20.280972

2.190000 -11.898452
2.190000 -3.687134
2.190000 -2.333376
2.190000 -0.562635
2.190000 3.699095
2.190000 4.120590
2.190000 4.294906
2.190000 6.291087
2.190000 6.318698
2.190000 9.780408
2.190000 10.923384
2.190000 11.405052
2.190000 14.162786
2.190000 17.171834
2.190000 17.646065
2.190000 19.782371

2.210000 -12.001863
2.210000 -3.423199
2.210000 -2.132929
2.210000 -0.492889
2.210000 3.718975
2.210000 4.009484
2.210000 4.175130
2.210000 6.294500
2.210000 6.370599
2.210000 9.337109
2.210000 10.628898
2.210000 11.336288
2.210000 13.893671
2.210000 16.698227
2.210000 18.293552
2.210000 19.291369

2.230000 -12.098961
2.230000 -3.153824
2.230000 -1.931032
2.230000 -0.429224
2.230000 3.725311
2.230000 3.906791
2.230000 4.063305
2.230000 6.293945
2.230000 6.438978
2.230000 8.923238
2.230000 10.327196
2.230000 11.287205
2.230000 13.650150
2.230000 16.237123
2.230000 18.809366
2.230000 18.952227

2.250000 -12.189603
2.250000 -2.879565
2.250000 -1.728974
2.250000 -0.371718
2.250000 3.720266
2.250000 3.812740
2.250000 3.959439
2.250000 6.273862
2.250000 6.523117
2.250000 8.552156
2.250000 10.021221
2.250000 11.257975
2.250000 13.432176
2.250000 15.789517
2.250000 18.337401
2.250000 19.619852

2.270000 -12.273667
2.270000 -2.601134
2.270000 -1.528226
2.270000 -0.320327
2.270000 3.705471
2.270000 3.728254
2.270000 3.863538
2.270000 6.213712
2.270000 6.621990
2.270000 8.241469
2.270000 9.714360
2.270000 11.249376
2.270000 13.238588
2.270000 15.356532
2.270000 17.876341
2.270000 20.295004

2.290000 -12.351046
2.290000 -2.319464
2.290000 -1.330472
2.290000 -0.274906
2.290000 3.649482
2.290000 3.687215
2.290000 3.775609
2.290000 6.092631
2.290000 6.734216
2.290000 8.009071
2.290000 9.410309
2.290000 11.262400
2.290000 13.067762
2.290000 14.939502
2.290000 17.427073
2.290000 20.976498

2.310000 -12.421647
2.310000 -2.035792
2.310000 -1.137642
2.310000 -0.235218
2.310000 3.582150
2.310000 3.661888
2.310000 3.695656
2.310000 5.901231
2.310000 6.858007
2.310000 7.861840
2.310000 9.112962
2.310000 11.297981
2.310000 12.917956
2.310000 14.540054
2.310000 16.990586
2.310000 21.663181

2.330000 -12.485390
2.330000 -1.751786
2.330000 -0.951928
2.330000 -0.200957
2.330000 3.523477
2.330000 3.623686
2.330000 3.633924
2.330000 5.649754
2.330000 6.991084
2.330000 7.787894
2.330000 8.826354
2.330000 11.356749
2.330000 12.787503
2.330000 14.160219
2.330000 16.568073
2.330000 22.353772

2.350000 -12.542208
2.350000 -1.469738
2.350000 -0.775785
2.350000 -0.171773
2.350000 3.473665
2.350000 3.559702
2.350000 3.604202
2.350000 5.360609
2.350000 7.130586
2.350000 7.764483
2.350000 8.554650
2.350000 11.438750
2.350000 12.674906
2.350000 13.802556
2.350000 16.161073
2.350000 23.046708

2.370000 -12.592041
2.370000 -1.192844
2.370000 -0.611905
2.370000 -0.147293
2.370000 3.432564
2.370000 3.503708
2.370000 3.573230
2.370000 5.056515
2.370000 7.272933
2.370000 7.770344
2.370000 8.302162
2.370000 11.543113
2.370000 12.578881
2.370000 13.470304
2.370000 15.771681
2.370000 23.739954

2.390000 -12.634841
2.390000 -0.925637
2.390000 -0.463138
2.390000 -0.127143
2.390000 3.399812
2.390000 3.455707
2.390000 3.540792
2.390000 4.756391
2.390000 7.413689
2.390000 7.790456
2.390000 8.073354
2.390000 11.667628
2.390000 12.498360
2.390000 13.167557
2.390000 15.402904
2.390000 24.430713

2.410000 -12.670568
2.410000 -0.674621
2.410000 -0.332310
2.410000 -0.110966
2.410000 3.374813
2.410000 3.415702
2.410000 3.505673
2.410000 4.476830
2.410000 7.547433
2.410000 7.815343
2.410000 7.872840
2.410000 11.808108
2.410000 12.432483
2.410000 12.899404
2.410000 15.059293
2.410000 25.114890

2.430000 -12.699187
2.430000 -0.449210
2.430000 -0.221807
2.430000 -0.098442
2.430000 3.356730
2.430000 3.383696
2.430000 3.465629
2.430000 4.234513
2.430000 7.667740
2.430000 7.705075
2.430000 7.839492
2.430000 11.957308
2.430000 12.380589
2.430000 12.671967
2.430000 14.748082
2.430000 25.785989

2.450000 -12.720673
2.450000 -0.263345
2.450000 -0.132297
2.450000 -0.089300
2.450000 3.344547
2.450000 3.359689
2.450000 3.419101
2.450000 4.046315
2.450000 7.574611
2.450000 7.767417
2.450000 7.859463
2.450000 12.103022
2.450000 12.342232
2.450000 12.492181
2.450000 14.481172
2.450000 26.432236

2.470000 -12.735008
2.470000 -0.138293
2.470000 -0.083328
2.470000 -0.059342
2.470000 3.337192
2.470000 3.343684
2.470000 3.371255
2.470000 3.923695
2.470000 7.485192
2.470000 7.839184
2.470000 7.873531
2.470000 12.225288
2.470000 12.317462
2.470000 12.367124
2.470000 14.277771
2.470000 27.026484

2.490000 -12.742179
2.490000 -0.085741
2.490000 -0.080378
2.490000 -0.007589
2.490000 3.333671
2.490000 3.335682
2.490000 3.338885
2.490000 3.865802
2.490000 7.439705
2.490000 7.876871
2.490000 7.880760
2.490000 12.291030
2.490000 12.302828
2.490000 12.312168
2.490000 14.164518
2.490000 27.363277

2.500000 -12.743075
2.500000 -0.080011
2.500000 -0.080011
2.500000 0.000000
2.500000 3.332882
2.500000 3.334681
2.500000 3.334681
2.500000 3.858814
2.500000 7.433981
2.500000 7.881672
2.500000 7.881672
2.500000 12.294702
2.500000 12.294702
2.500000 12.316767
2.500000 14.149654
2.500000 27.383241

0.000000 0.250000 0.500000 1.000000 1.500000 1.625000 1.750000 2.125000 2.500000 
L


[-1,-1,-1]
\Gamma


[1,0,0]
X


[-1,-1,0]
K


[-1,-1,0]
\Gamma
