130 16
0.000000 -11.667230
0.000000 -5.899504
0.000000 -0.915022
0.000000 -0.915022
0.000000 2.576990
0.000000 5.412922
0.000000 5.412922
0.000000 9.563889
0.000000 12.513651
0.000000 12.513651
0.000000 13.047173
0.000000 14.526723
0.000000 14.526723
0.000000 14.956631
0.000000 22.680065
0.000000 23.395936

0.020000 -11.678236
0.020000 -5.879932
0.020000 -0.913916
0.020000 -0.913916
0.020000 2.580228
0.020000 5.415716
0.020000 5.415716
0.020000 9.570915
0.020000 12.324232
0.020000 12.324232
0.020000 12.799046
0.020000 14.727417
0.020000 14.727417
0.020000 15.196520
0.020000 21.945715
0.020000 24.125729

0.040000 -11.705292
0.040000 -5.824871
0.040000 -0.907367
0.040000 -0.907367
0.040000 2.591564
0.040000 5.427942
0.040000 5.427942
0.040000 9.591671
0.040000 12.021780
0.040000 12.021780
0.040000 12.418671
0.040000 15.070722
0.040000 15.070722
0.040000 15.581973
0.040000 21.221330
0.040000 23.495134

0.060000 -11.747287
0.060000 -5.735497
0.060000 -0.895433
0.060000 -0.895433
0.060000 2.610946
0.060000 5.449216
0.060000 5.449216
0.060000 9.625663
0.060000 11.671221
0.060000 11.671221
0.060000 11.985583
0.060000 15.491920
0.060000 15.491920
0.060000 16.029168
0.060000 20.521002
0.060000 22.866737

0.080000 -11.802563
0.080000 -5.613564
0.080000 -0.878196
0.080000 -0.878196
0.080000 2.638279
0.080000 5.478922
0.080000 5.478922
0.080000 9.671762
0.080000 11.305370
0.080000 11.305370
0.080000 11.534092
0.080000 15.958480
0.080000 15.958480
0.080000 16.492956
0.080000 19.858429
0.080000 22.248587

0.100000 -11.869102
0.100000 -5.461227
0.100000 -0.855771
0.100000 -0.855771
0.100000 2.673421
0.100000 5.516161
0.100000 5.516161
0.100000 9.727154
0.100000 10.940105
0.100000 10.940105
0.100000 11.080749
0.100000 16.454787
0.100000 16.454787
0.100000 16.924966
0.100000 19.269225
0.100000 21.643727

0.120000 -11.944704
0.120000 -5.280862
0.120000 -0.828306
0.120000 -0.828306
0.120000 2.716168
0.120000 5.559692
0.120000 5.559692
0.120000 9.782482
0.120000 10.584079
0.120000 10.584079
0.120000 10.641060
0.120000 16.972102
0.120000 16.972102
0.120000 17.204396
0.120000 18.868805
0.120000 21.054610

0.140000 -12.027150
0.140000 -5.074913
0.140000 -0.795989
0.140000 -0.795989
0.140000 2.766234
0.140000 5.607850
0.140000 5.607850
0.140000 9.788029
0.140000 10.242939
0.140000 10.242939
0.140000 10.267625
0.140000 17.103683
0.140000 17.503195
0.140000 17.503195
0.140000 18.882517
0.140000 20.485188

0.160000 -12.114311
0.160000 -4.845782
0.160000 -0.759052
0.160000 -0.759052
0.160000 2.823226
0.160000 5.658440
0.160000 5.658440
0.160000 9.560147
0.160000 9.921172
0.160000 9.921172
0.160000 10.145348
0.160000 16.677069
0.160000 18.035203
0.160000 18.035203
0.160000 19.255400
0.160000 19.946571

0.180000 -12.204227
0.180000 -4.595768
0.180000 -0.717780
0.180000 -0.717780
0.180000 2.886603
0.180000 5.708616
0.180000 5.708616
0.180000 9.163321
0.180000 9.623011
0.180000 9.623011
0.180000 10.210039
0.180000 16.142549
0.180000 18.509620
0.180000 18.509620
0.180000 19.496356
0.180000 19.496356

0.200000 -12.295137
0.200000 -4.327038
0.200000 -0.672520
0.200000 -0.672520
0.200000 2.955618
0.200000 5.754782
0.200000 5.754782
0.200000 8.738817
0.200000 9.352910
0.200000 9.352910
0.200000 10.319996
0.200000 15.586894
0.200000 18.567087
0.200000 18.567087
0.200000 19.493506
0.200000 19.493506

0.220000 -12.385493
0.220000 -4.041633
0.220000 -0.623690
0.220000 -0.623690
0.220000 3.029236
0.220000 5.792585
0.220000 5.792585
0.220000 8.313485
0.220000 9.115740
0.220000 9.115740
0.220000 10.447160
0.220000 15.039049
0.220000 18.164788
0.220000 18.164788
0.220000 19.980805
0.220000 19.980805

0.240000 -12.473955
0.240000 -3.741494
0.240000 -0.571787
0.240000 -0.571787
0.240000 3.106008
0.240000 5.817137
0.240000 5.817137
0.240000 7.894110
0.240000 8.916662
0.240000 8.916662
0.240000 10.582431
0.240000 14.513036
0.240000 17.692661
0.240000 17.692661
0.240000 20.568561
0.240000 20.568561

0.260000 -12.559372
0.260000 -3.428504
0.260000 -0.517402
0.260000 -0.517402
0.260000 3.183882
0.260000 5.823620
0.260000 5.823620
0.260000 7.484151
0.260000 8.760553
0.260000 8.760553
0.260000 10.718123
0.260000 14.020036
0.260000 17.220165
0.260000 17.220165
0.260000 20.760437
0.260000 21.187818

0.280000 -12.640763
0.280000 -3.104551
0.280000 -0.461229
0.280000 -0.461229
0.280000 3.259910
0.280000 5.808355
0.280000 5.808355
0.280000 7.086788
0.280000 8.650950
0.280000 8.650950
0.280000 10.843214
0.280000 13.573657
0.280000 16.760368
0.280000 16.760368
0.280000 20.231520
0.280000 21.826271

0.300000 -12.717299
0.300000 -2.771604
0.300000 -0.404071
0.300000 -0.404071
0.300000 3.329808
0.300000 5.770026
0.300000 5.770026
0.300000 6.706071
0.300000 8.588785
0.300000 8.588785
0.300000 10.939203
0.300000 13.194536
0.300000 16.318215
0.300000 16.318215
0.300000 19.710329
0.300000 22.480024

0.320000 -12.788283
0.320000 -2.431825
0.320000 -0.346854
0.320000 -0.346854
0.320000 3.387341
0.320000 5.710424
0.320000 5.710424
0.320000 6.347817
0.320000 8.571584
0.320000 8.571584
0.320000 10.976882
0.320000 12.913786
0.320000 15.896898
0.320000 15.896898
0.320000 19.204575
0.320000 23.147263

0.340000 -12.853127
0.340000 -2.087719
0.340000 -0.290622
0.340000 -0.290622
0.340000 3.423605
0.340000 5.634190
0.340000 5.634190
0.340000 6.020487
0.340000 8.593630
0.340000 8.593630
0.340000 10.924882
0.340000 12.764525
0.340000 15.499357
0.340000 15.499357
0.340000 18.717136
0.340000 23.826812

0.360000 -12.911343
0.360000 -1.742376
0.360000 -0.236534
0.360000 -0.236534
0.360000 3.426803
0.360000 5.547709
0.360000 5.547709
0.360000 5.735604
0.360000 8.646934
0.360000 8.646934
0.360000 10.778932
0.360000 12.752567
0.360000 15.128837
0.360000 15.128837
0.360000 18.250378
0.360000 24.517619

0.380000 -12.962528
0.380000 -1.399850
0.380000 -0.185843
0.380000 -0.185843
0.380000 3.384125
0.380000 5.457828
0.380000 5.457828
0.380000 5.506189
0.380000 8.722356
0.380000 8.722356
0.380000 10.572397
0.380000 12.845666
0.380000 14.789196
0.380000 14.789196
0.380000 17.807203
0.380000 25.218440

0.400000 -13.006351
0.400000 -1.065793
0.400000 -0.139865
0.400000 -0.139865
0.400000 3.287694
0.400000 5.341395
0.400000 5.370937
0.400000 5.370937
0.400000 8.810342
0.400000 8.810342
0.400000 10.346996
0.400000 13.002293
0.400000 14.485123
0.400000 14.485123
0.400000 17.391834
0.400000 25.927444

0.420000 -13.042546
0.420000 -0.748521
0.420000 -0.099926
0.420000 -0.099926
0.420000 3.142597
0.420000 5.239559
0.420000 5.292520
0.420000 5.292520
0.420000 8.901256
0.420000 8.901256
0.420000 10.133083
0.420000 13.190341
0.420000 14.222248
0.420000 14.222248
0.420000 17.010904
0.420000 26.641430

0.440000 -13.070904
0.440000 -0.460740
0.440000 -0.067288
0.440000 -0.067288
0.440000 2.969694
0.440000 5.187268
0.440000 5.227016
0.440000 5.227016
0.440000 8.985537
0.440000 8.985537
0.440000 9.950078
0.440000 13.384790
0.440000 14.007062
0.440000 14.007062
0.440000 16.675238
0.440000 27.353825

0.460000 -13.091269
0.460000 -0.221821
0.460000 -0.043072
0.460000 -0.043072
0.460000 2.801431
0.460000 5.166188
0.460000 5.177827
0.460000 5.177827
0.460000 9.054058
0.460000 9.054058
0.460000 9.810765
0.460000 13.560490
0.460000 13.846485
0.460000 13.846485
0.460000 16.402422
0.460000 28.048194

0.480000 -13.103530
0.480000 -0.058754
0.480000 -0.028162
0.480000 -0.028162
0.480000 2.676145
0.480000 5.147358
0.480000 5.147358
0.480000 5.160334
0.480000 9.098897
0.480000 9.098897
0.480000 9.723731
0.480000 13.687391
0.480000 13.746968
0.480000 13.746968
0.480000 16.218529
0.480000 28.670146

0.500000 -13.107625
0.500000 -0.023126
0.500000 -0.023126
0.500000 -0.000000
0.500000 2.629230
0.500000 5.137043
0.500000 5.137043
0.500000 5.159529
0.500000 9.114513
0.500000 9.114513
0.500000 9.694138
0.500000 13.713217
0.500000 13.713217
0.500000 13.734525
0.500000 16.152591
0.500000 28.738390

0.500000 -13.107625
0.500000 -0.023126
0.500000 -0.023126
0.500000 -0.000000
0.500000 2.629230
0.500000 5.137043
0.500000 5.137043
0.500000 5.159529
0.500000 9.114513
0.500000 9.114513
0.500000 9.694138
0.500000 13.713217
0.500000 13.713217
0.500000 13.734525
0.500000 16.152591
0.500000 28.738390

0.520000 -13.106261
0.520000 -0.035410
0.520000 -0.027288
0.520000 -0.006806
0.520000 2.645229
0.520000 5.133666
0.520000 5.143820
0.520000 5.163255
0.520000 9.102060
0.520000 9.116449
0.520000 9.704031
0.520000 13.714316
0.520000 13.716433
0.520000 13.736749
0.520000 16.174854
0.520000 28.641431

0.540000 -13.102170
0.540000 -0.076350
0.540000 -0.039697
0.540000 -0.021986
0.540000 2.692107
0.540000 5.117242
0.540000 5.164075
0.540000 5.180870
0.540000 9.064837
0.540000 9.122257
0.540000 9.733843
0.540000 13.716975
0.540000 13.726083
0.540000 13.744418
0.540000 16.240848
0.540000 28.390362

0.560000 -13.095356
0.560000 -0.144831
0.560000 -0.060135
0.560000 -0.043550
0.560000 2.766829
0.560000 5.087057
0.560000 5.197582
0.560000 5.213503
0.560000 9.003490
0.560000 9.131936
0.560000 9.783685
0.560000 13.720772
0.560000 13.742170
0.560000 13.758920
0.560000 16.348357
0.560000 28.068381

0.580000 -13.085829
0.580000 -0.235912
0.580000 -0.088252
0.580000 -0.072169
0.580000 2.865215
0.580000 5.045317
0.580000 5.243983
0.580000 5.259604
0.580000 8.919523
0.580000 9.145485
0.580000 9.853233
0.580000 13.726753
0.580000 13.764697
0.580000 13.780490
0.580000 16.494175
0.580000 27.721440

0.600000 -13.073600
0.600000 -0.345056
0.600000 -0.123585
0.600000 -0.107786
0.600000 2.982712
0.600000 4.993718
0.600000 5.302802
0.600000 5.318333
0.600000 8.815281
0.600000 9.162901
0.600000 9.941630
0.600000 13.736449
0.600000 13.793672
0.600000 13.808898
0.600000 16.674602
0.600000 27.365660

0.620000 -13.058682
0.620000 -0.468322
0.620000 -0.165587
0.620000 -0.149984
0.620000 3.114882
0.620000 4.933980
0.620000 5.373476
0.620000 5.389012
0.620000 8.693666
0.620000 9.184181
0.620000 10.047668
0.620000 13.751143
0.620000 13.829101
0.620000 13.843966
0.620000 16.885871
0.620000 27.007179

0.640000 -13.041094
0.640000 -0.602430
0.640000 -0.213649
0.640000 -0.198201
0.640000 3.257526
0.640000 4.868038
0.640000 5.455375
0.640000 5.470971
0.640000 8.557851
0.640000 9.209322
0.640000 10.169986
0.640000 13.771748
0.640000 13.870993
0.640000 13.885609
0.640000 17.124425
0.640000 26.648752

0.660000 -13.020857
0.660000 -0.744741
0.660000 -0.267128
0.660000 -0.251815
0.660000 3.406514
0.660000 4.798209
0.660000 5.547832
0.660000 5.563522
0.660000 8.411088
0.660000 9.238319
0.660000 10.307209
0.660000 13.798854
0.660000 13.919358
0.660000 13.933785
0.660000 17.387060
0.660000 26.291783

0.680000 -12.997997
0.680000 -0.893178
0.680000 -0.325367
0.680000 -0.310179
0.680000 3.557273
0.680000 4.727555
0.680000 5.650165
0.680000 5.665972
0.680000 8.256629
0.680000 9.271167
0.680000 10.458025
0.680000 13.832799
0.680000 13.974204
0.680000 13.988477
0.680000 17.670971
0.680000 25.937065

0.700000 -12.972544
0.700000 -1.046126
0.700000 -0.387713
0.700000 -0.372644
0.700000 3.703755
0.700000 4.660733
0.700000 5.761693
0.700000 5.777634
0.700000 8.097726
0.700000 9.307861
0.700000 10.621228
0.700000 13.873749
0.700000 14.035541
0.700000 14.049680
0.700000 17.973744
0.700000 25.585080

0.720000 -12.944529
0.720000 -1.202328
0.720000 -0.453535
0.720000 -0.438581
0.720000 3.836361
0.720000 4.605862
0.720000 5.881750
0.720000 5.897839
0.720000 7.937698
0.720000 9.348392
0.720000 10.795724
0.720000 13.921758
0.720000 14.103378
0.720000 14.117393
0.720000 18.293319
0.720000 25.236142

0.740000 -12.913991
0.740000 -1.360801
0.740000 -0.522230
0.740000 -0.507389
0.740000 3.938828
0.740000 4.577418
0.740000 6.009701
0.740000 6.025948
0.740000 7.780077
0.740000 9.392753
0.740000 10.980539
0.740000 13.976817
0.740000 14.177719
0.740000 14.191616
0.740000 18.627945
0.740000 24.890464

0.760000 -12.880972
0.760000 -1.520777
0.760000 -0.593232
0.760000 -0.578502
0.760000 3.990330
0.760000 4.593882
0.760000 6.144943
0.760000 6.161357
0.760000 7.628811
0.760000 9.440935
0.760000 11.174812
0.760000 14.038884
0.760000 14.258567
0.760000 14.272348
0.760000 18.976125
0.760000 24.548198

0.780000 -12.845518
0.780000 -1.681641
0.780000 -0.666017
0.780000 -0.651395
0.780000 3.984500
0.780000 4.658426
0.780000 6.286912
0.780000 6.303498
0.780000 7.488540
0.780000 9.492928
0.780000 11.377780
0.780000 14.107908
0.780000 14.345923
0.780000 14.359587
0.780000 19.336570
0.780000 24.209459

0.800000 -12.807682
0.800000 -1.842903
0.800000 -0.740099
0.800000 -0.725583
0.800000 3.937917
0.800000 4.750122
0.800000 6.435086
0.800000 6.451846
0.800000 7.364890
0.800000 9.548719
0.800000 11.588770
0.800000 14.183839
0.800000 14.439777
0.800000 14.453322
0.800000 19.708149
0.800000 23.874336

0.820000 -12.767520
0.820000 -2.004161
0.820000 -0.815037
0.820000 -0.800625
0.820000 3.869362
0.820000 4.844511
0.820000 6.588979
0.820000 6.605914
0.820000 7.264665
0.820000 9.608295
0.820000 11.807187
0.820000 14.266641
0.820000 14.540114
0.820000 14.553537
0.820000 20.089833
0.820000 23.542901

0.840000 -12.725097
0.840000 -2.165081
0.840000 -0.890427
0.840000 -0.876117
0.840000 3.789834
0.840000 4.923846
0.840000 6.748149
0.840000 6.765249
0.840000 7.195604
0.840000 9.671641
0.840000 12.032496
0.840000 14.356288
0.840000 14.646909
0.840000 14.660206
0.840000 20.480621
0.840000 23.215219

0.860000 -12.680482
0.860000 -2.325383
0.860000 -0.965905
0.860000 -0.951695
0.860000 3.704922
0.860000 4.975876
0.860000 6.912188
0.860000 6.929420
0.860000 7.165244
0.860000 9.738740
0.860000 12.264214
0.860000 14.452774
0.860000 14.760121
0.860000 14.773286
0.860000 20.879407
0.860000 22.891346

0.880000 -12.633752
0.880000 -2.484823
0.880000 -1.041141
0.880000 -1.027028
0.880000 3.617578
0.880000 4.993209
0.880000 7.080725
0.880000 7.097878
0.880000 7.178938
0.880000 9.809573
0.880000 12.501899
0.880000 14.556107
0.880000 14.879692
0.880000 14.892720
0.880000 21.284659
0.880000 22.571339

0.900000 -12.584991
0.900000 -2.643186
0.900000 -1.115838
0.900000 -1.101820
0.900000 3.529500
0.900000 4.973974
0.900000 7.235619
0.900000 7.253421
0.900000 7.272158
0.900000 9.884117
0.900000 12.745136
0.900000 14.666312
0.900000 15.005540
0.900000 15.018425
0.900000 21.693381
0.900000 22.255259

0.920000 -12.534291
0.920000 -2.800275
0.920000 -1.189728
0.920000 -1.175802
0.920000 3.441753
0.920000 4.921459
0.920000 7.335182
0.920000 7.429967
0.920000 7.448254
0.920000 9.962347
0.920000 12.993526
0.920000 14.783430
0.920000 15.137552
0.920000 15.150286
0.920000 21.943173
0.920000 22.093543

0.940000 -12.481754
0.940000 -2.955909
0.940000 -1.262569
0.940000 -1.248733
0.940000 3.355054
0.940000 4.842036
0.940000 7.468405
0.940000 7.610084
0.940000 7.628489
0.940000 10.044236
0.940000 13.246676
0.940000 14.907519
0.940000 15.275570
0.940000 15.288146
0.940000 21.635160
0.940000 21.960442

0.960000 -12.427490
0.960000 -3.109912
0.960000 -1.334145
0.960000 -1.320397
0.960000 3.269915
0.960000 4.742747
0.960000 7.628640
0.960000 7.793517
0.960000 7.812104
0.960000 10.129750
0.960000 13.504184
0.960000 15.038646
0.960000 15.419382
0.960000 15.431791
0.960000 21.331320
0.960000 21.649383

0.980000 -12.371620
0.980000 -3.262113
0.980000 -1.404260
0.980000 -1.390597
0.980000 3.186723
0.980000 4.629812
0.980000 7.809663
0.980000 7.980035
0.980000 7.998828
0.980000 10.218852
0.980000 13.765627
0.980000 15.176891
0.980000 15.568692
0.980000 15.580925
0.980000 21.031782
0.980000 21.342076

1.000000 -12.314277
1.000000 -3.412338
1.000000 -1.472738
1.000000 -1.459158
1.000000 3.105782
1.000000 4.508157
1.000000 8.006549
1.000000 8.169429
1.000000 8.188443
1.000000 10.311499
1.000000 14.030546
1.000000 15.322341
1.000000 15.723094
1.000000 15.735142
1.000000 20.736721
1.000000 21.039709

1.020000 -12.255606
1.020000 -3.560410
1.020000 -1.539420
1.020000 -1.525921
1.020000 3.027334
1.020000 4.381480
1.020000 8.215604
1.020000 8.361509
1.020000 8.380760
1.020000 10.407643
1.020000 14.298423
1.020000 15.475076
1.020000 15.882014
1.020000 15.893867
1.020000 20.446375
1.020000 20.742982

1.040000 -12.195765
1.040000 -3.706145
1.040000 -1.604165
1.040000 -1.590745
1.040000 2.951581
1.040000 4.252506
1.040000 8.434105
1.040000 8.556106
1.040000 8.575612
1.040000 10.507227
1.040000 14.568664
1.040000 15.635157
1.040000 16.044632
1.040000 16.056283
1.040000 20.161073
1.040000 20.452747

1.060000 -12.134927
1.060000 -3.849349
1.060000 -1.666843
1.060000 -1.653500
1.060000 2.878694
1.060000 4.123244
1.060000 8.660034
1.060000 8.753064
1.060000 8.772860
1.060000 10.610182
1.060000 14.840569
1.060000 15.802592
1.060000 16.209747
1.060000 16.221192
1.060000 19.881283
1.060000 20.170204

1.080000 -12.073282
1.080000 -3.989813
1.080000 -1.727339
1.080000 -1.714070
1.080000 2.808816
1.080000 3.995181
1.080000 8.891860
1.080000 8.952244
1.080000 8.972409
1.080000 10.716434
1.080000 15.113311
1.080000 15.977267
1.080000 16.375548
1.080000 16.386798
1.080000 19.607661
1.080000 19.897139

1.100000 -12.011036
1.100000 -4.127317
1.100000 -1.785546
1.100000 -1.772350
1.100000 2.742074
1.100000 3.869436
1.100000 9.128270
1.100000 9.153520
1.100000 9.174322
1.100000 10.825889
1.100000 15.385909
1.100000 16.158828
1.100000 16.539223
1.100000 16.550325
1.100000 19.341121
1.100000 19.636320

1.120000 -11.948412
1.120000 -4.261620
1.120000 -1.841372
1.120000 -1.828246
1.120000 2.678578
1.120000 3.746860
1.120000 9.356779
1.120000 9.365999
1.120000 9.380882
1.120000 10.938441
1.120000 15.657203
1.120000 16.346448
1.120000 16.696273
1.120000 16.707368
1.120000 19.082868
1.120000 19.392161

1.140000 -11.885655
1.140000 -4.392466
1.140000 -1.894729
1.140000 -1.881672
1.140000 2.618425
1.140000 3.628111
1.140000 9.561916
1.140000 9.580840
1.140000 9.615522
1.140000 11.053961
1.140000 15.925821
1.140000 16.538408
1.140000 16.839360
1.140000 16.850846
1.140000 18.834283
1.140000 19.171834

1.160000 -11.823031
1.160000 -4.519576
1.160000 -1.945541
1.160000 -1.932551
1.160000 2.561701
1.160000 3.513704
1.160000 9.768834
1.160000 9.788679
1.160000 9.861720
1.160000 11.172297
1.160000 16.190042
1.160000 16.731308
1.160000 16.956667
1.160000 16.969691
1.160000 18.596332
1.160000 18.986808

1.180000 -11.760827
1.180000 -4.642650
1.180000 -1.993738
1.180000 -1.980813
1.180000 2.508479
1.180000 3.404046
1.180000 9.977444
1.180000 9.997714
1.180000 10.110754
1.180000 11.293265
1.180000 16.447206
1.180000 16.917873
1.180000 17.030858
1.180000 17.049591
1.180000 18.368265
1.180000 18.853723

1.200000 -11.699352
1.200000 -4.761365
1.200000 -2.039257
1.200000 -2.026396
1.200000 2.458827
1.200000 3.299466
1.200000 10.187656
1.200000 10.208239
1.200000 10.361890
1.200000 11.416640
1.200000 16.690889
1.200000 17.042667
1.200000 17.045122
1.200000 17.119344
1.200000 18.146671
1.200000 18.790915

1.220000 -11.638939
1.220000 -4.875375
1.220000 -2.082041
1.220000 -2.069242
1.220000 2.412798
1.220000 3.200230
1.220000 10.399382
1.220000 10.420236
1.220000 10.614765
1.220000 11.542149
1.220000 16.886991
1.220000 16.982406
1.220000 17.029406
1.220000 17.268750
1.220000 17.927356
1.220000 18.807803

1.240000 -11.579946
1.240000 -4.984310
1.240000 -2.122039
1.240000 -2.109299
1.240000 2.370437
1.240000 3.106563
1.240000 10.612526
1.240000 10.633632
1.240000 10.869114
1.240000 11.669456
1.240000 16.853176
1.240000 16.858480
1.240000 17.107192
1.240000 17.428400
1.240000 17.708509
1.240000 18.897070

1.260000 -11.522749
1.260000 -5.087780
1.260000 -2.159204
1.260000 -2.146523
1.260000 2.331778
1.260000 3.018652
1.260000 10.826981
1.260000 10.848329
1.260000 11.124723
1.260000 11.798141
1.260000 16.689672
1.260000 16.695951
1.260000 17.143774
1.260000 17.490914
1.260000 17.628118
1.260000 19.041657

1.280000 -11.467748
1.280000 -5.185370
1.280000 -2.193495
1.280000 -2.180872
1.280000 2.296838
1.280000 2.936663
1.280000 11.042615
1.280000 11.064204
1.280000 11.381418
1.280000 11.927682
1.280000 16.493211
1.280000 16.502825
1.280000 17.076454
1.280000 17.276377
1.280000 17.863085
1.280000 19.226266

1.300000 -11.415360
1.300000 -5.276651
1.300000 -2.224876
1.300000 -2.212309
1.300000 2.265620
1.300000 2.860752
1.300000 11.259262
1.300000 11.281093
1.300000 11.639049
1.300000 12.057416
1.300000 16.280807
1.300000 16.290483
1.300000 16.937562
1.300000 17.066763
1.300000 18.114927
1.300000 19.440144

1.320000 -11.366014
1.320000 -5.361180
1.320000 -2.253313
1.320000 -2.240800
1.320000 2.238103
1.320000 2.791065
1.320000 11.476694
1.320000 11.498775
1.320000 11.897494
1.320000 12.186502
1.320000 16.059696
1.320000 16.067391
1.320000 16.754316
1.320000 16.863799
1.320000 18.376099
1.320000 19.670782

1.340000 -11.320148
1.340000 -5.438507
1.340000 -2.278776
1.340000 -2.266317
1.340000 2.214244
1.340000 2.727758
1.340000 11.694591
1.340000 11.716933
1.340000 12.156644
1.340000 12.313864
1.340000 15.834394
1.340000 15.838642
1.340000 16.544186
1.340000 16.669156
1.340000 18.644013
1.340000 19.911838

1.360000 -11.278200
1.360000 -5.508181
1.360000 -2.301241
1.360000 -2.288834
1.360000 2.193966
1.360000 2.670998
1.360000 11.912475
1.360000 11.935100
1.360000 12.416406
1.360000 12.438124
1.360000 15.607591
1.360000 15.607945
1.360000 16.317705
1.360000 16.484598
1.360000 18.917611
1.360000 20.161896

1.380000 -11.240597
1.380000 -5.569762
1.380000 -2.320686
1.380000 -2.308329
1.380000 2.177153
1.380000 2.620974
1.380000 12.129600
1.380000 12.152542
1.380000 12.557521
1.380000 12.676693
1.380000 15.376754
1.380000 15.382719
1.380000 16.081190
1.380000 16.312136
1.380000 19.196234
1.380000 20.417324

1.400000 -11.207749
1.400000 -5.622831
1.400000 -2.337090
1.400000 -2.324782
1.400000 2.163648
1.400000 2.577907
1.400000 12.344728
1.400000 12.368066
1.400000 12.669838
1.400000 12.937419
1.400000 15.148429
1.400000 15.161000
1.400000 15.838549
1.400000 16.154158
1.400000 19.479154
1.400000 20.674222

1.420000 -11.180032
1.420000 -5.667001
1.420000 -2.350437
1.420000 -2.338178
1.420000 2.153249
1.420000 2.542048
1.420000 12.555618
1.420000 12.579598
1.420000 12.772447
1.420000 13.198480
1.420000 14.925323
1.420000 14.945596
1.420000 15.592349
1.420000 16.013540
1.420000 19.765228
1.420000 20.927499

1.440000 -11.157781
1.440000 -5.701931
1.440000 -2.360715
1.440000 -2.348503
1.440000 2.145717
1.440000 2.513676
1.440000 12.757187
1.440000 12.783288
1.440000 12.863282
1.440000 13.459730
1.440000 14.711514
1.440000 14.740800
1.440000 15.344500
1.440000 15.893687
1.440000 20.052334
1.440000 21.169514

1.460000 -11.141274
1.460000 -5.727335
1.460000 -2.367912
1.460000 -2.355746
1.460000 2.140795
1.460000 2.493080
1.460000 12.914425
1.460000 12.966229
1.460000 12.971458
1.460000 13.720883
1.460000 14.514393
1.460000 14.554287
1.460000 15.096868
1.460000 15.798421
1.460000 20.335885
1.460000 21.376239

1.480000 -11.130720
1.480000 -5.742998
1.480000 -2.372022
1.480000 -2.359901
1.480000 2.138238
1.480000 2.480526
1.480000 12.972289
1.480000 13.117765
1.480000 13.128045
1.480000 13.981024
1.480000 14.348698
1.480000 14.400972
1.480000 14.852519
1.480000 15.731641
1.480000 20.603245
1.480000 21.431352

1.500000 -11.126255
1.500000 -5.748782
1.500000 -2.373037
1.500000 -2.360961
1.500000 2.137863
1.500000 2.476212
1.500000 12.994200
1.500000 13.222154
1.500000 13.223994
1.500000 14.214875
1.500000 14.260776
1.500000 14.308132
1.500000 14.621774
1.500000 15.696696
1.500000 20.803614
1.500000 21.328913

1.500000 -11.101873
1.500000 -5.687574
1.500000 -2.350544
1.500000 -2.153287
1.500000 2.224807
1.500000 2.677126
1.500000 13.099464
1.500000 13.397527
1.500000 13.536413
1.500000 14.218208
1.500000 14.476057
1.500000 14.544590
1.500000 14.872429
1.500000 15.836458
1.500000 20.870681
1.500000 21.397944

1.520000 -11.104057
1.520000 -5.689497
1.520000 -2.349969
1.520000 -2.208919
1.520000 2.238916
1.520000 2.730737
1.520000 12.858733
1.520000 13.147936
1.520000 13.465661
1.520000 13.877586
1.520000 14.678101
1.520000 14.823344
1.520000 15.156214
1.520000 15.920615
1.520000 20.685297
1.520000 21.261860

1.540000 -11.105607
1.540000 -5.686094
1.540000 -2.343911
1.540000 -2.297187
1.540000 2.264769
1.540000 2.835913
1.540000 12.581198
1.540000 12.848645
1.540000 13.310270
1.540000 13.539054
1.540000 14.941667
1.540000 15.132568
1.540000 15.469329
1.540000 16.075446
1.540000 20.417962
1.540000 21.128181

1.560000 -11.106664
1.560000 -5.677531
1.560000 -2.412069
1.560000 -2.332408
1.560000 2.296373
1.560000 2.992805
1.560000 12.288931
1.560000 12.532251
1.560000 13.102757
1.560000 13.204764
1.560000 15.232893
1.560000 15.455243
1.560000 15.792274
1.560000 16.279785
1.560000 20.119320
1.560000 20.970556

1.580000 -11.107435
1.580000 -5.664036
1.580000 -2.546660
1.580000 -2.315511
1.580000 2.331243
1.580000 3.197226
1.580000 11.991685
1.580000 12.211081
1.580000 12.864646
1.580000 12.875362
1.580000 15.536611
1.580000 15.782258
1.580000 16.118224
1.580000 16.516885
1.580000 19.814753
1.580000 20.773193

1.600000 -11.108185
1.600000 -5.645904
1.600000 -2.694116
1.600000 -2.293288
1.600000 2.369362
1.600000 3.442635
1.600000 11.694286
1.600000 11.890654
1.600000 12.551315
1.600000 12.608933
1.600000 15.845521
1.600000 16.107031
1.600000 16.442855
1.600000 16.775411
1.600000 19.517745
1.600000 20.537834

1.620000 -11.109243
1.620000 -5.623511
1.620000 -2.848187
1.620000 -2.265821
1.620000 2.411465
1.620000 3.722363
1.620000 11.399421
1.620000 11.573928
1.620000 12.233034
1.620000 12.343501
1.620000 16.155534
1.620000 16.422060
1.620000 16.761723
1.620000 17.047929
1.620000 19.239992
1.620000 20.274393

1.640000 -11.110993
1.640000 -5.597327
1.640000 -3.003378
1.640000 -2.233207
1.640000 2.458248
1.640000 4.030550
1.640000 11.108743
1.640000 11.262801
1.640000 11.920919
1.640000 12.073286
1.640000 16.464031
1.640000 16.714448
1.640000 17.069595
1.640000 17.329394
1.640000 18.998050
1.640000 19.993400

1.660000 -11.113876
1.660000 -5.567931
1.660000 -3.154926
1.660000 -2.195563
1.660000 2.510193
1.660000 4.362237
1.660000 10.823371
1.660000 10.958730
1.660000 11.615375
1.660000 11.801513
1.660000 16.769202
1.660000 16.956611
1.660000 17.362653
1.660000 17.616147
1.660000 18.820759
1.660000 19.703258

1.680000 -11.118376
1.680000 -5.536019
1.680000 -3.298674
1.680000 -2.153021
1.680000 2.567582
1.680000 4.713141
1.680000 10.544110
1.680000 10.663065
1.680000 11.316852
1.680000 11.530389
1.680000 17.069784
1.680000 17.097371
1.680000 17.645089
1.680000 17.905325
1.680000 18.750923
1.680000 19.410989

1.700000 -11.125017
1.700000 -5.502403
1.700000 -3.430944
1.700000 -2.105734
1.700000 2.630551
1.700000 5.079293
1.700000 10.271579
1.700000 10.377298
1.700000 11.025885
1.700000 11.261495
1.700000 17.094547
1.700000 17.364947
1.700000 17.926663
1.700000 18.194551
1.700000 18.807870
1.700000 19.130269

1.720000 -11.134349
1.720000 -5.467985
1.720000 -3.548448
1.720000 -2.053873
1.720000 2.699124
1.720000 5.456584
1.720000 10.006273
1.720000 10.103335
1.720000 10.743188
1.720000 10.996014
1.720000 16.969663
1.720000 17.654227
1.720000 18.205469
1.720000 18.481803
1.720000 18.780915
1.720000 19.051110

1.740000 -11.146929
1.740000 -5.433694
1.740000 -3.648260
1.740000 -1.997635
1.740000 2.773246
1.740000 5.840076
1.740000 9.748601
1.740000 9.843896
1.740000 10.469840
1.740000 10.734875
1.740000 16.774583
1.740000 17.937480
1.740000 18.398422
1.740000 18.601635
1.740000 18.765393
1.740000 19.270753

1.750000 -11.154609
1.750000 -5.416865
1.750000 -3.690728
1.750000 -1.967941
1.750000 2.812351
1.750000 6.032110
1.750000 9.622736
1.750000 9.720851
1.750000 10.337204
1.750000 10.606176
1.750000 16.662832
1.750000 18.076873
1.750000 18.315867
1.750000 18.681700
1.750000 18.905389
1.750000 19.399354

1.750000 -11.154609
1.750000 -5.416865
1.750000 -3.690728
1.750000 -1.967941
1.750000 2.812351
1.750000 6.032110
1.750000 9.622736
1.750000 9.720851
1.750000 10.337204
1.750000 10.606176
1.750000 16.662832
1.750000 18.076873
1.750000 18.315867
1.750000 18.681700
1.750000 18.905389
1.750000 19.399354

1.770000 -11.173079
1.770000 -5.384246
1.770000 -3.759469
1.770000 -1.905551
1.770000 2.894538
1.770000 6.410733
1.770000 9.377138
1.770000 9.491775
1.770000 10.081925
1.770000 10.352946
1.770000 16.424546
1.770000 18.047003
1.770000 18.351371
1.770000 18.938760
1.770000 19.181155
1.770000 19.664886

1.790000 -11.196100
1.790000 -5.353237
1.790000 -3.805359
1.790000 -1.839374
1.790000 2.981838
1.790000 6.769213
1.790000 9.139932
1.790000 9.292484
1.790000 9.845307
1.790000 10.105780
1.790000 16.176415
1.790000 17.766181
1.790000 18.620508
1.790000 19.197424
1.790000 19.450777
1.790000 19.923253

1.810000 -11.224094
1.810000 -5.323570
1.810000 -3.827639
1.810000 -1.769691
1.810000 3.073965
1.810000 7.082058
1.810000 8.911331
1.810000 9.132272
1.810000 9.643132
1.810000 9.865256
1.810000 15.925104
1.810000 17.486382
1.810000 18.884828
1.810000 19.436460
1.810000 19.714033
1.810000 20.146083

1.830000 -11.257394
1.830000 -5.294267
1.830000 -3.826494
1.830000 -1.696814
1.830000 3.170560
1.830000 7.309928
1.830000 8.691500
1.830000 9.004959
1.830000 9.520620
1.830000 9.631938
1.830000 15.674144
1.830000 17.209442
1.830000 19.144959
1.830000 19.620931
1.830000 19.971106
1.830000 20.253518

1.850000 -11.296220
1.850000 -5.263687
1.850000 -3.803002
1.850000 -1.621082
1.850000 3.271179
1.850000 7.416224
1.850000 8.480546
1.850000 8.865715
1.850000 9.406399
1.850000 9.558977
1.850000 15.425444
1.850000 16.935584
1.850000 19.401576
1.850000 19.590442
1.850000 20.217686
1.850000 20.222511

1.870000 -11.340668
1.870000 -5.229744
1.870000 -3.758909
1.870000 -1.542865
1.870000 3.375279
1.870000 7.403544
1.870000 8.278504
1.870000 8.691234
1.870000 9.189256
1.870000 9.778744
1.870000 15.179972
1.870000 16.664358
1.870000 19.205276
1.870000 19.655363
1.870000 20.312686
1.870000 20.468989

1.890000 -11.390695
1.890000 -5.190210
1.890000 -3.696327
1.890000 -1.462566
1.890000 3.482195
1.890000 7.310213
1.890000 8.085326
1.890000 8.500074
1.890000 8.981184
1.890000 10.122882
1.890000 14.938054
1.890000 16.394743
1.890000 18.691992
1.890000 19.906972
1.890000 20.460207
1.890000 20.711385

1.910000 -11.446127
1.910000 -5.142988
1.910000 -3.617446
1.910000 -1.380615
1.910000 3.591111
1.910000 7.173423
1.910000 7.900861
1.910000 8.306859
1.910000 8.782951
1.910000 10.539356
1.910000 14.699471
1.910000 16.125028
1.910000 18.157574
1.910000 20.156981
1.910000 20.574610
1.910000 20.950528

1.930000 -11.506656
1.930000 -5.086302
1.930000 -3.524336
1.930000 -1.297475
1.930000 3.701025
1.930000 7.016013
1.930000 7.724839
1.930000 8.118275
1.930000 8.595432
1.930000 10.998236
1.930000 14.463409
1.930000 15.852590
1.930000 17.632292
1.930000 20.405826
1.930000 20.601045
1.930000 21.187080

1.950000 -11.571865
1.950000 -5.018776
1.950000 -3.418850
1.950000 -1.213636
1.950000 3.810706
1.950000 6.850453
1.950000 7.556855
1.950000 7.937709
1.950000 8.419629
1.950000 11.482802
1.950000 14.228261
1.950000 15.573728
1.950000 17.131905
1.950000 20.486550
1.950000 20.653674
1.950000 21.421306

1.970000 -11.641237
1.970000 -4.939433
1.970000 -3.302595
1.970000 -1.129612
1.970000 3.918640
1.970000 6.683671
1.970000 7.396370
1.970000 7.767336
1.970000 8.256671
1.970000 11.982004
1.970000 13.991265
1.970000 15.284137
1.970000 16.670344
1.970000 20.221383
1.970000 20.900135
1.970000 21.652582

1.990000 -11.714184
1.990000 -4.847662
1.990000 -3.176957
1.990000 -1.045937
1.990000 4.022977
1.990000 6.519783
1.990000 7.242728
1.990000 7.608917
1.990000 8.107789
1.990000 12.485306
1.990000 13.748018
1.990000 14.981361
1.990000 16.262439
1.990000 19.851146
1.990000 21.143451
1.990000 21.877938

2.010000 -11.790064
2.010000 -4.743147
2.010000 -3.043137
2.010000 -0.963158
2.010000 4.121481
2.010000 6.361454
2.010000 7.095202
2.010000 7.464133
2.010000 7.974268
2.010000 12.975190
2.010000 13.493371
2.010000 14.670864
2.010000 15.923792
2.010000 19.426510
2.010000 21.377590
2.010000 22.086380

2.030000 -11.868208
2.030000 -4.625816
2.030000 -2.902196
2.030000 -0.881828
2.030000 4.211512
2.030000 6.210559
2.030000 6.953072
2.030000 7.334716
2.030000 7.857361
2.030000 13.191417
2.030000 13.441725
2.030000 14.377247
2.030000 15.674569
2.030000 18.979180
2.030000 21.577876
2.030000 22.231880

2.050000 -11.947938
2.050000 -4.495772
2.050000 -2.755096
2.050000 -0.802495
2.050000 4.290079
2.050000 6.068509
2.050000 6.815708
2.050000 7.222449
2.050000 7.758190
2.050000 12.884506
2.050000 13.708690
2.050000 14.189551
2.050000 15.558778
2.050000 18.526713
2.050000 21.621355
2.050000 22.244188

2.070000 -12.028582
2.070000 -4.353258
2.070000 -2.602733
2.070000 -0.725690
2.070000 4.354013
2.070000 5.936373
2.070000 6.682653
2.070000 7.129022
2.070000 7.677655
2.070000 12.531382
2.070000 13.628377
2.070000 14.213922
2.070000 15.658332
2.070000 18.079691
2.070000 21.328517
2.070000 22.359224

2.090000 -12.109489
2.090000 -4.198610
2.090000 -2.445977
2.090000 -0.651916
2.090000 4.400324
2.090000 5.814877
2.090000 6.553666
2.090000 7.055720
2.090000 7.616372
2.090000 12.145589
2.090000 13.427367
2.090000 14.189754
2.090000 15.991676
2.090000 17.646575
2.090000 20.876712
2.090000 22.582032

2.110000 -12.190035
2.110000 -4.032238
2.110000 -2.285687
2.110000 -0.581632
2.110000 4.426723
2.110000 5.704331
2.110000 6.428717
2.110000 7.002905
2.110000 7.574657
2.110000 11.739897
2.110000 13.227261
2.110000 14.074989
2.110000 16.454953
2.110000 17.244019
2.110000 20.388828
2.110000 22.837269

2.130000 -12.269637
2.130000 -3.854602
2.130000 -2.122742
2.130000 -0.515241
2.130000 4.432175
2.130000 5.604556
2.130000 6.307952
2.130000 6.969391
2.130000 7.552551
2.130000 11.327247
2.130000 13.039089
2.130000 13.921607
2.130000 16.713093
2.130000 17.135986
2.130000 19.894817
2.130000 22.874624

2.150000 -12.347750
2.150000 -3.666204
2.150000 -1.958053
2.150000 -0.453082
2.150000 4.417217
2.150000 5.514932
2.150000 6.191631
2.150000 6.951839
2.150000 7.549853
2.150000 10.918869
2.150000 12.859155
2.150000 13.756909
2.150000 16.394663
2.150000 17.664355
2.150000 19.404053
2.150000 22.398461

2.170000 -12.423869
2.170000 -3.467584
2.170000 -1.792584
2.170000 -0.395412
2.170000 4.383803
2.170000 5.434593
2.170000 6.080074
2.170000 6.944342
2.170000 7.566154
2.170000 10.524713
2.170000 12.681293
2.170000 13.594420
2.170000 16.048114
2.170000 18.269688
2.170000 18.920527
2.170000 21.910930

2.190000 -12.497537
2.190000 -3.259319
2.190000 -1.627360
2.190000 -0.342405
2.190000 4.334717
2.190000 5.362727
2.190000 5.973617
2.190000 6.938270
2.190000 7.600866
2.190000 10.154603
2.190000 12.498868
2.190000 13.443122
2.190000 15.723084
2.190000 18.446430
2.190000 18.898054
2.190000 21.425820

2.210000 -12.568335
2.210000 -3.042033
2.210000 -1.463476
2.210000 -0.294151
2.210000 4.272838
2.210000 5.298821
2.210000 5.872586
2.210000 6.922425
2.210000 7.653227
2.210000 9.819215
2.210000 12.305900
2.210000 13.310281
2.210000 15.425510
2.210000 17.983258
2.210000 19.541052
2.210000 20.948492

2.230000 -12.635885
2.230000 -2.816413
2.230000 -1.302106
2.230000 -0.250650
2.230000 4.200539
2.230000 5.242736
2.230000 5.777277
2.230000 6.883855
2.230000 7.722291
2.230000 9.530205
2.230000 12.098522
2.230000 13.201447
2.230000 15.157111
2.230000 17.532250
2.230000 20.185696
2.230000 20.491100

2.250000 -12.699850
2.250000 -2.583230
2.250000 -1.144493
2.250000 -0.211823
2.250000 4.119354
2.250000 5.194649
2.250000 5.687949
2.250000 6.810169
2.250000 7.806913
2.250000 9.298581
2.250000 11.876068
2.250000 13.119863
2.250000 14.917923
2.250000 17.094591
2.250000 20.011828
2.250000 20.873504

2.270000 -12.759925
2.270000 -2.343374
2.270000 -0.991953
2.270000 -0.177519
2.270000 4.029874
2.270000 5.154903
2.270000 5.604830
2.270000 6.693799
2.270000 7.905718
2.270000 9.130893
2.270000 11.640981
2.270000 13.066589
2.270000 14.706875
2.270000 16.671548
2.270000 19.567838
2.270000 21.547298

2.290000 -12.815843
2.290000 -2.097904
2.290000 -0.845850
2.290000 -0.147527
2.290000 3.931795
2.290000 5.123846
2.290000 5.528112
2.290000 6.536102
2.290000 8.017054
2.290000 9.025404
2.290000 11.397783
2.290000 13.041278
2.290000 14.522188
2.290000 16.264557
2.290000 19.134808
2.290000 22.231586

2.310000 -12.867366
2.310000 -1.848117
2.310000 -0.707578
2.310000 -0.121589
2.310000 3.824076
2.310000 5.101677
2.310000 5.457956
2.310000 6.347460
2.310000 8.138938
2.310000 8.972129
2.310000 11.151953
2.310000 13.042907
2.310000 14.361735
2.310000 15.875328
2.310000 18.715751
2.310000 22.923722

2.330000 -12.914284
2.330000 -1.595662
2.330000 -0.578531
2.330000 -0.099415
2.330000 3.705256
2.330000 5.088320
2.330000 5.394497
2.330000 6.143063
2.330000 8.268972
2.330000 8.957045
2.330000 10.909203
2.330000 13.070104
2.330000 14.223335
2.330000 15.505941
2.330000 18.312536
2.330000 23.622388

2.350000 -12.956417
2.350000 -1.342694
2.350000 -0.460064
2.350000 -0.080701
2.350000 3.573993
2.350000 5.083310
2.350000 5.337849
2.350000 5.938203
2.350000 8.404253
2.350000 8.966571
2.350000 10.675141
2.350000 13.121085
2.350000 14.104955
2.350000 15.158970
2.350000 17.927285
2.350000 24.326209

2.370000 -12.993607
2.370000 -1.092123
2.370000 -0.353456
2.370000 -0.065138
2.370000 3.429903
2.370000 5.085713
2.370000 5.288105
2.370000 5.745595
2.370000 8.541247
2.370000 8.989778
2.370000 10.455172
2.370000 13.193380
2.370000 14.004817
2.370000 14.837612
2.370000 17.562749
2.370000 25.033406

2.390000 -13.025721
2.390000 -0.847985
2.390000 -0.259865
2.390000 -0.052430
2.390000 3.274642
2.390000 5.094087
2.390000 5.245339
2.390000 5.574445
2.390000 8.675676
2.390000 9.018684
2.390000 10.254498
2.390000 13.283393
2.390000 13.921437
2.390000 14.545828
2.390000 17.222682
2.390000 25.741413

2.410000 -13.052647
2.410000 -0.615998
2.410000 -0.180299
2.410000 -0.042301
2.410000 3.113014
2.410000 5.106493
2.410000 5.209615
2.410000 5.430401
2.410000 8.802424
2.410000 9.047785
2.410000 10.078110
2.410000 13.385836
2.410000 13.853624
2.410000 14.288440
2.410000 16.912373
2.410000 26.446228

2.430000 -13.074295
2.430000 -0.404325
2.430000 -0.115569
2.430000 -0.034508
2.430000 2.953814
2.430000 5.120577
2.430000 5.180981
2.430000 5.316066
2.430000 8.915570
2.430000 9.073468
2.430000 9.930692
2.430000 13.492990
2.430000 13.800470
2.430000 14.071110
2.430000 16.639362
2.430000 27.141088

2.450000 -13.090592
2.450000 -0.224414
2.450000 -0.066213
2.450000 -0.028849
2.450000 2.810166
2.450000 5.133645
2.450000 5.159474
2.450000 5.232013
2.450000 9.008644
2.450000 9.093563
2.450000 9.816396
2.450000 13.593920
2.450000 13.761373
2.450000 13.900094
2.450000 16.414225
2.450000 27.813274

2.470000 -13.101487
2.470000 -0.091597
2.470000 -0.031961
2.470000 -0.025166
2.470000 2.698836
2.470000 5.142085
2.470000 5.145121
2.470000 5.178726
2.470000 9.075251
2.470000 9.107033
2.470000 9.738496
2.470000 13.673960
2.470000 13.736444
2.470000 13.781621
2.470000 16.250724
2.470000 28.433779

2.490000 -13.106942
2.490000 -0.028183
2.490000 -0.023352
2.490000 -0.006367
2.490000 2.637248
2.490000 5.137941
2.490000 5.138887
2.490000 5.160341
2.490000 9.110082
2.490000 9.113688
2.490000 9.699084
2.490000 13.711637
2.490000 13.720884
2.490000 13.731695
2.490000 16.163749
2.490000 28.713994

2.500000 -13.107625
2.500000 -0.023126
2.500000 -0.023126
2.500000 -0.000000
2.500000 2.629230
2.500000 5.137043
2.500000 5.137043
2.500000 5.159529
2.500000 9.114513
2.500000 9.114513
2.500000 9.694138
2.500000 13.713217
2.500000 13.713217
2.500000 13.734525
2.500000 16.152591
2.500000 28.738390

0.000000 0.250000 0.500000 1.000000 1.500000 1.625000 1.750000 2.125000 2.500000 
L


[-1,-1,-1]
\Gamma


[1,0,0]
X


[-1,-1,0]
K


[-1,-1,0]
\Gamma
