130 16
0.000000 -10.808009
0.000000 -6.016898
0.000000 -0.914079
0.000000 -0.914079
0.000000 1.661660
0.000000 4.944640
0.000000 4.944640
0.000000 8.579507
0.000000 11.640777
0.000000 11.725348
0.000000 11.725348
0.000000 13.032350
0.000000 13.245783
0.000000 13.245783
0.000000 20.289781
0.000000 20.979253

0.020000 -10.819892
0.020000 -5.996845
0.020000 -0.913164
0.020000 -0.913164
0.020000 1.664200
0.020000 4.946091
0.020000 4.946091
0.020000 8.585004
0.020000 11.404652
0.020000 11.526505
0.020000 11.526505
0.020000 13.270466
0.020000 13.456487
0.020000 13.456487
0.020000 19.608739
0.020000 21.667019

0.040000 -10.849349
0.040000 -5.940839
0.040000 -0.906867
0.040000 -0.906867
0.040000 1.674637
0.040000 4.954820
0.040000 4.954820
0.040000 8.602305
0.040000 11.030917
0.040000 11.220460
0.040000 11.220460
0.040000 13.663893
0.040000 13.803019
0.040000 13.803019
0.040000 18.921706
0.040000 21.916658

0.060000 -10.894967
0.060000 -5.850342
0.060000 -0.895244
0.060000 -0.895244
0.060000 1.692914
0.060000 4.970388
0.060000 4.970388
0.060000 8.630253
0.060000 10.615589
0.060000 10.878491
0.060000 10.878491
0.060000 14.115458
0.060000 14.214343
0.060000 14.214343
0.060000 18.249694
0.060000 21.328007

0.080000 -10.954683
0.080000 -5.727491
0.080000 -0.878372
0.080000 -0.878372
0.080000 1.718935
0.080000 4.992089
0.080000 4.992089
0.080000 8.666022
0.080000 10.192776
0.080000 10.529966
0.080000 10.529966
0.080000 14.587843
0.080000 14.661423
0.080000 14.661423
0.080000 17.601240
0.080000 20.750702

0.100000 -11.026053
0.100000 -5.574840
0.100000 -0.856355
0.100000 -0.856355
0.100000 1.752554
0.100000 5.018903
0.100000 5.018903
0.100000 8.701771
0.100000 9.781355
0.100000 10.187643
0.100000 10.187643
0.100000 15.050268
0.100000 15.131811
0.100000 15.131811
0.100000 16.997123
0.100000 20.186918

0.120000 -11.106499
0.120000 -5.395104
0.120000 -0.829331
0.120000 -0.829331
0.120000 1.793559
0.120000 5.049449
0.120000 5.049449
0.120000 8.709761
0.120000 9.413532
0.120000 9.858337
0.120000 9.858337
0.120000 15.403366
0.120000 15.618616
0.120000 15.618616
0.120000 16.532925
0.120000 19.638859

0.140000 -11.193508
0.140000 -5.190969
0.140000 -0.797472
0.140000 -0.797472
0.140000 1.841657
0.140000 5.081910
0.140000 5.081910
0.140000 8.594345
0.140000 9.186843
0.140000 9.546683
0.140000 9.546683
0.140000 15.306969
0.140000 16.115572
0.140000 16.115572
0.140000 16.547455
0.140000 19.110483

0.160000 -11.284757
0.160000 -4.964971
0.160000 -0.760995
0.160000 -0.760995
0.160000 1.896436
0.160000 5.113967
0.160000 5.113967
0.160000 8.294790
0.160000 9.162667
0.160000 9.256598
0.160000 9.256598
0.160000 14.834571
0.160000 16.610703
0.160000 16.610703
0.160000 16.966917
0.160000 18.612598

0.180000 -11.378176
0.180000 -4.719435
0.180000 -0.720164
0.180000 -0.720164
0.180000 1.957327
0.180000 5.142753
0.180000 5.142753
0.180000 7.921375
0.180000 8.991911
0.180000 8.991911
0.180000 9.230580
0.180000 14.289120
0.180000 17.056536
0.180000 17.056536
0.180000 17.488380
0.180000 18.192126

0.200000 -11.471965
0.200000 -4.456465
0.200000 -0.675302
0.200000 -0.675302
0.200000 2.023534
0.200000 5.164874
0.200000 5.164874
0.200000 7.532484
0.200000 8.756609
0.200000 8.756609
0.200000 9.331315
0.200000 13.741027
0.200000 17.199454
0.200000 17.199454
0.200000 18.040417
0.200000 18.102511

0.220000 -11.564591
0.220000 -4.177958
0.220000 -0.626801
0.220000 -0.626801
0.220000 2.093937
0.220000 5.176575
0.220000 5.176575
0.220000 7.143909
0.220000 8.554805
0.220000 8.554805
0.220000 9.447187
0.220000 13.209096
0.220000 16.889259
0.220000 16.889259
0.220000 18.494055
0.220000 18.494055

0.240000 -11.654756
0.240000 -3.885641
0.240000 -0.575132
0.240000 -0.575132
0.240000 2.166949
0.240000 5.174130
0.240000 5.174130
0.240000 6.761514
0.240000 8.390402
0.240000 8.390402
0.240000 9.568620
0.240000 12.704145
0.240000 16.466893
0.240000 16.466893
0.240000 19.026142
0.240000 19.026142

0.260000 -11.741377
0.260000 -3.581112
0.260000 -0.520855
0.260000 -0.520855
0.260000 2.240289
0.260000 5.154500
0.260000 5.154500
0.260000 6.388869
0.260000 8.266468
0.260000 8.266468
0.260000 9.684622
0.260000 12.238510
0.260000 16.033315
0.260000 16.033315
0.260000 18.829723
0.260000 19.598366

0.280000 -11.823546
0.280000 -3.265893
0.280000 -0.464638
0.280000 -0.464638
0.280000 2.310652
0.280000 5.116106
0.280000 5.116106
0.280000 6.029427
0.280000 8.184446
0.280000 8.184446
0.280000 9.776485
0.280000 11.832338
0.280000 15.607927
0.280000 15.607927
0.280000 18.357318
0.280000 20.192110

0.300000 -11.900512
0.300000 -2.941482
0.300000 -0.407262
0.300000 -0.407262
0.300000 2.373217
0.300000 5.059440
0.300000 5.059440
0.300000 5.687586
0.300000 8.143516
0.300000 8.143516
0.300000 9.810597
0.300000 11.520822
0.300000 15.197280
0.300000 15.197280
0.300000 17.868979
0.300000 20.801883

0.320000 -11.971651
0.320000 -2.609427
0.320000 -0.349635
0.320000 -0.349635
0.320000 2.421009
0.320000 4.987166
0.320000 4.987166
0.320000 5.369534
0.320000 8.140439
0.320000 8.140439
0.320000 9.743050
0.320000 11.349634
0.320000 14.805038
0.320000 14.805038
0.320000 17.388312
0.320000 21.425417

0.340000 -12.036447
0.340000 -2.271410
0.340000 -0.292798
0.340000 -0.292798
0.340000 2.444301
0.340000 4.903645
0.340000 4.903645
0.340000 5.083934
0.340000 8.169937
0.340000 8.169937
0.340000 9.560986
0.340000 11.333606
0.340000 14.434224
0.340000 14.434224
0.340000 16.920595
0.340000 22.061492

0.360000 -12.094475
0.360000 -1.929386
0.360000 -0.237921
0.360000 -0.237921
0.360000 2.430791
0.360000 4.814161
0.360000 4.814161
0.360000 4.841796
0.360000 8.225341
0.360000 8.225341
0.360000 9.304784
0.360000 11.434556
0.360000 14.087992
0.360000 14.087992
0.360000 16.468225
0.360000 22.709256

0.380000 -12.145385
0.380000 -1.585801
0.380000 -0.186291
0.380000 -0.186291
0.380000 2.368040
0.380000 4.654139
0.380000 4.724169
0.380000 4.724169
0.380000 8.299175
0.380000 8.299175
0.380000 9.023655
0.380000 11.605642
0.380000 13.770014
0.380000 13.770014
0.380000 16.033180
0.380000 23.367907

0.400000 -12.188897
0.400000 -1.244012
0.400000 -0.139280
0.400000 -0.139280
0.400000 2.249005
0.400000 4.526725
0.400000 4.638793
0.400000 4.638793
0.400000 8.383482
0.400000 8.383482
0.400000 8.749783
0.400000 11.816972
0.400000 13.484741
0.400000 13.484741
0.400000 15.617971
0.400000 24.036428

0.420000 -12.224784
0.420000 -0.909140
0.420000 -0.098291
0.420000 -0.098291
0.420000 2.077705
0.420000 4.455139
0.420000 4.562541
0.420000 4.562541
0.420000 8.469944
0.420000 8.469944
0.420000 8.502577
0.420000 12.050640
0.420000 13.237547
0.420000 13.237547
0.420000 15.226666
0.420000 24.713132

0.440000 -12.252869
0.440000 -0.590006
0.440000 -0.064685
0.440000 -0.064685
0.440000 1.870446
0.440000 4.425533
0.440000 4.499197
0.440000 4.499197
0.440000 8.295365
0.440000 8.549988
0.440000 8.549988
0.440000 12.292070
0.440000 13.034698
0.440000 13.034698
0.440000 14.866875
0.440000 25.394485

0.460000 -12.273020
0.460000 -0.303793
0.460000 -0.039681
0.460000 -0.039681
0.460000 1.655043
0.460000 4.420422
0.460000 4.451760
0.460000 4.451760
0.460000 8.138616
0.460000 8.615145
0.460000 8.615145
0.460000 12.521811
0.460000 12.882965
0.460000 12.882965
0.460000 14.554413
0.460000 26.070956

0.480000 -12.285147
0.480000 -0.086334
0.480000 -0.024256
0.480000 -0.024256
0.480000 1.476369
0.480000 4.422411
0.480000 4.422411
0.480000 4.424287
0.480000 8.040718
0.480000 8.657861
0.480000 8.657861
0.480000 12.703865
0.480000 12.788746
0.480000 12.788746
0.480000 14.323353
0.480000 26.705704

0.500000 -12.289196
0.500000 -0.019041
0.500000 -0.019041
0.500000 -0.000000
0.500000 1.402353
0.500000 4.412479
0.500000 4.412479
0.500000 4.426781
0.500000 8.007396
0.500000 8.672757
0.500000 8.672757
0.500000 12.756756
0.500000 12.756756
0.500000 12.777766
0.500000 14.233213
0.500000 26.847607

0.500000 -12.289196
0.500000 -0.019041
0.500000 -0.019041
0.500000 -0.000000
0.500000 1.402353
0.500000 4.412479
0.500000 4.412479
0.500000 4.426781
0.500000 8.007396
0.500000 8.672757
0.500000 8.672757
0.500000 12.756756
0.500000 12.756756
0.500000 12.777766
0.500000 14.233213
0.500000 26.847607

0.520000 -12.287846
0.520000 -0.040355
0.520000 -0.023231
0.520000 -0.007844
0.520000 1.428183
0.520000 4.407611
0.520000 4.419079
0.520000 4.430773
0.520000 8.018506
0.520000 8.660942
0.520000 8.674583
0.520000 12.749541
0.520000 12.759775
0.520000 12.777737
0.520000 14.264224
0.520000 26.731072

0.540000 -12.283800
0.540000 -0.108624
0.540000 -0.035717
0.540000 -0.022118
0.540000 1.500798
0.540000 4.386871
0.540000 4.438795
0.540000 4.449095
0.540000 8.051461
0.540000 8.625957
0.540000 8.680059
0.540000 12.724382
0.540000 12.768833
0.540000 12.784372
0.540000 14.353692
0.540000 26.468174

0.560000 -12.277060
0.560000 -0.212403
0.560000 -0.056255
0.560000 -0.043163
0.560000 1.609264
0.560000 4.351245
0.560000 4.471376
0.560000 4.481346
0.560000 8.105073
0.560000 8.569267
0.560000 8.689186
0.560000 12.687748
0.560000 12.783931
0.560000 12.798665
0.560000 14.493125
0.560000 26.154183

0.580000 -12.267632
0.580000 -0.339809
0.580000 -0.084455
0.580000 -0.071598
0.580000 1.742574
0.580000 4.302796
0.580000 4.516427
0.580000 4.526329
0.580000 8.176725
0.580000 8.493977
0.580000 8.701961
0.580000 12.648605
0.580000 12.805073
0.580000 12.819478
0.580000 14.673073
0.580000 25.823028

0.600000 -12.255526
0.600000 -0.482493
0.600000 -0.119809
0.600000 -0.107110
0.600000 1.892378
0.600000 4.243237
0.600000 4.573427
0.600000 4.583359
0.600000 8.255773
0.600000 8.411459
0.600000 8.718386
0.600000 12.613236
0.600000 12.832262
0.600000 12.846497
0.600000 14.885503
0.600000 25.485858

0.620000 -12.240751
0.620000 -0.634959
0.620000 -0.161719
0.620000 -0.149154
0.620000 2.052956
0.620000 4.174290
0.620000 4.641767
0.620000 4.651776
0.620000 8.248921
0.620000 8.415968
0.620000 8.738456
0.620000 12.585502
0.620000 12.865502
0.620000 12.879631
0.620000 15.124289
0.620000 25.147057

0.640000 -12.223323
0.640000 -0.793675
0.640000 -0.209530
0.640000 -0.197091
0.640000 2.220421
0.640000 4.097659
0.640000 4.720774
0.640000 4.730891
0.640000 8.137091
0.640000 8.527757
0.640000 8.762171
0.640000 12.567472
0.640000 12.904799
0.640000 12.918850
0.640000 15.384911
0.640000 24.808654

0.660000 -12.203257
0.660000 -0.956353
0.660000 -0.262558
0.660000 -0.250242
0.660000 2.391985
0.660000 4.014983
0.660000 4.809747
0.660000 4.819991
0.660000 8.004172
0.660000 8.664287
0.660000 8.789528
0.660000 12.560041
0.660000 12.950156
0.660000 12.964144
0.660000 15.664015
0.660000 24.471705

0.680000 -12.180573
0.680000 -1.121480
0.680000 -0.320114
0.680000 -0.307922
0.680000 2.565443
0.680000 3.927818
0.680000 4.907976
0.680000 4.918361
0.680000 7.861907
0.680000 8.815312
0.680000 8.820524
0.680000 12.563399
0.680000 13.001578
0.680000 13.015510
0.680000 15.959069
0.680000 24.136818

0.700000 -12.155292
0.700000 -1.288029
0.700000 -0.381527
0.700000 -0.369458
0.700000 2.738772
0.700000 3.837694
0.700000 5.014765
0.700000 5.025303
0.700000 7.714534
0.700000 8.855156
0.700000 8.978227
0.700000 12.577340
0.700000 13.059068
0.700000 13.072946
0.700000 16.268114
0.700000 23.804364

0.720000 -12.127442
0.720000 -1.455280
0.720000 -0.446153
0.720000 -0.434206
0.720000 2.909702
0.720000 3.746332
0.720000 5.129446
0.720000 5.140144
0.720000 7.565306
0.720000 8.893419
0.720000 9.151551
0.720000 12.601472
0.720000 13.122626
0.720000 13.136451
0.720000 16.589607
0.720000 23.474588

0.740000 -12.097049
0.740000 -1.622717
0.740000 -0.513387
0.740000 -0.501562
0.740000 3.074792
0.740000 3.656398
0.740000 5.251386
0.740000 5.262251
0.740000 7.417274
0.740000 8.935309
0.740000 9.334196
0.740000 12.635328
0.740000 13.192252
0.740000 13.206022
0.740000 16.922303
0.740000 23.147660

0.760000 -12.064147
0.760000 -1.789961
0.760000 -0.582670
0.760000 -0.570966
0.760000 3.225602
0.760000 3.575210
0.760000 5.379998
0.760000 5.391035
0.760000 7.273531
0.760000 8.980822
0.760000 9.525287
0.760000 12.678445
0.760000 13.267939
0.760000 13.281653
0.760000 17.265182
0.760000 22.823706

0.780000 -12.028772
0.780000 -1.956721
0.780000 -0.653488
0.780000 -0.641903
0.780000 3.324611
0.780000 3.538696
0.780000 5.514739
0.780000 5.525951
0.780000 7.137369
0.780000 9.029950
0.780000 9.724098
0.780000 12.730391
0.780000 13.349676
0.780000 13.363332
0.780000 17.617392
0.780000 22.502823

0.800000 -11.990964
0.800000 -2.122773
0.800000 -0.725376
0.800000 -0.713906
0.800000 3.302464
0.800000 3.614034
0.800000 5.655111
0.800000 5.666499
0.800000 7.012425
0.800000 9.082688
0.800000 9.930020
0.800000 12.790788
0.800000 13.437443
0.800000 13.451039
0.800000 17.978200
0.800000 22.185099

0.820000 -11.950767
0.820000 -2.287937
0.820000 -0.797910
0.820000 -0.786553
0.820000 3.225083
0.820000 3.732461
0.820000 5.800660
0.820000 5.812226
0.820000 6.902784
0.820000 9.139027
0.820000 10.142532
0.820000 12.859315
0.820000 13.531213
0.820000 13.544746
0.820000 18.346953
0.820000 21.870610

0.840000 -11.908232
0.840000 -2.452062
0.840000 -0.870710
0.840000 -0.859464
0.840000 3.137375
0.840000 3.845591
0.840000 5.950975
0.840000 5.962718
0.840000 6.812989
0.840000 9.198960
0.840000 10.361184
0.840000 12.935706
0.840000 13.630946
0.840000 13.644412
0.840000 18.723024
0.840000 21.559437

0.860000 -11.863412
0.860000 -2.615019
0.860000 -0.943436
0.860000 -0.932298
0.860000 3.047793
0.860000 3.941067
0.860000 6.105683
0.860000 6.117602
0.860000 6.747850
0.860000 9.262477
0.860000 10.585582
0.860000 13.019749
0.860000 13.736583
0.860000 13.749981
0.860000 19.105721
0.860000 21.251664

0.880000 -11.816368
0.880000 -2.776695
0.880000 -1.015783
0.880000 -1.004749
0.880000 2.958675
0.880000 4.012759
0.880000 6.264448
0.880000 6.276537
0.880000 6.711929
0.880000 9.329566
0.880000 10.815374
0.880000 13.111280
0.880000 13.848046
0.880000 13.861373
0.880000 19.494044
0.880000 20.947389

0.900000 -11.767168
0.900000 -2.936983
0.900000 -1.087476
0.900000 -1.076543
0.900000 2.871002
0.900000 4.056846
0.900000 6.426967
0.900000 6.439211
0.900000 6.708721
0.900000 9.400215
0.900000 11.050239
0.900000 13.210175
0.900000 13.965229
0.900000 13.978481
0.900000 19.885726
0.900000 20.646730

0.920000 -11.715884
0.920000 -3.095782
0.920000 -1.158272
0.920000 -1.147438
0.920000 2.785314
0.920000 4.071789
0.920000 6.592966
0.920000 6.605316
0.920000 6.739813
0.920000 9.474410
0.920000 11.289874
0.920000 13.316353
0.920000 14.087986
0.920000 14.101161
0.920000 20.268917
0.920000 20.349831

0.940000 -11.662598
0.940000 -3.252990
0.940000 -1.227952
0.940000 -1.217213
0.940000 2.701967
0.940000 4.058522
0.940000 6.762200
0.940000 6.774181
0.940000 6.804808
0.940000 9.552135
0.940000 11.533989
0.940000 13.429765
0.940000 14.216121
0.940000 14.229216
0.940000 20.056875
0.940000 20.138208

0.960000 -11.607401
0.960000 -3.408505
0.960000 -1.296321
0.960000 -1.285675
0.960000 2.621222
0.960000 4.020087
0.960000 6.898615
0.960000 6.934447
0.960000 6.947767
0.960000 9.633370
0.960000 11.782287
0.960000 13.550396
0.960000 14.349367
0.960000 14.362378
0.960000 19.768106
0.960000 19.846846

0.980000 -11.550390
0.980000 -3.562218
0.980000 -1.363204
0.980000 -1.352647
0.980000 2.543283
0.980000 3.960758
0.980000 7.020181
0.980000 7.109510
0.980000 7.122786
0.980000 9.718096
0.980000 12.034457
0.980000 13.678264
0.980000 14.487355
0.980000 14.500281
0.980000 19.483843
0.980000 19.559572

1.000000 -11.491675
1.000000 -3.714015
1.000000 -1.428444
1.000000 -1.417974
1.000000 2.468316
1.000000 3.885122
1.000000 7.163475
1.000000 7.287212
1.000000 7.300620
1.000000 9.806287
1.000000 12.290158
1.000000 13.813416
1.000000 14.629572
1.000000 14.642411
1.000000 19.204524
1.000000 19.277408

1.020000 -11.431379
1.020000 -3.863771
1.020000 -1.491900
1.020000 -1.481514
1.020000 2.396463
1.020000 3.797426
1.020000 7.324489
1.020000 7.467393
1.020000 7.480967
1.020000 9.897915
1.020000 12.548992
1.020000 13.955939
1.020000 14.775290
1.020000 14.788042
1.020000 18.930761
1.020000 19.001113

1.040000 -11.369635
1.040000 -4.011350
1.040000 -1.553447
1.040000 -1.543143
1.040000 2.327845
1.040000 3.701289
1.040000 7.499704
1.040000 7.649913
1.040000 7.663665
1.040000 9.992947
1.040000 12.810482
1.040000 14.105953
1.040000 14.923454
1.040000 14.936120
1.040000 18.663421
1.040000 18.731684

1.060000 -11.306592
1.060000 -4.156602
1.060000 -1.612970
1.060000 -1.602746
1.060000 2.262569
1.060000 3.599641
1.060000 7.686258
1.060000 7.834648
1.060000 7.848584
1.060000 10.091345
1.060000 13.074025
1.060000 14.263630
1.060000 15.072488
1.060000 15.085077
1.060000 18.403764
1.060000 18.470565

1.080000 -11.242416
1.080000 -4.299360
1.080000 -1.670369
1.080000 -1.660221
1.080000 2.200728
1.080000 3.494794
1.080000 7.881887
1.080000 8.021486
1.080000 8.035612
1.080000 10.193062
1.080000 13.338838
1.080000 14.429191
1.080000 15.219984
1.080000 15.232516
1.080000 18.153642
1.080000 18.219939

1.100000 -11.177290
1.100000 -4.439440
1.100000 -1.725551
1.100000 -1.715478
1.100000 2.142406
1.100000 3.388555
1.100000 8.084820
1.100000 8.210330
1.100000 8.224651
1.100000 10.298047
1.100000 13.603863
1.100000 14.602920
1.100000 15.362148
1.100000 15.374670
1.100000 17.915757
1.100000 17.983167

1.120000 -11.111417
1.120000 -4.576636
1.120000 -1.778433
1.120000 -1.768432
1.120000 2.087676
1.120000 3.282325
1.120000 8.293677
1.120000 8.401096
1.120000 8.415617
1.120000 10.406233
1.120000 13.867632
1.120000 14.785158
1.120000 15.492895
1.120000 15.505512
1.120000 17.693766
1.120000 17.765413

1.140000 -11.045024
1.140000 -4.710721
1.140000 -1.828941
1.140000 -1.819011
1.140000 2.036603
1.140000 3.177200
1.140000 8.507377
1.140000 8.593709
1.140000 8.608442
1.140000 10.517547
1.140000 14.128052
1.140000 14.976264
1.140000 15.602550
1.140000 15.615483
1.140000 17.491101
1.140000 17.573961

1.160000 -10.978362
1.160000 -4.841440
1.160000 -1.877007
1.160000 -1.867146
1.160000 1.989246
1.160000 3.074039
1.160000 8.725062
1.160000 8.788104
1.160000 8.803070
1.160000 10.631894
1.160000 14.382041
1.160000 15.176494
1.160000 15.676820
1.160000 15.690515
1.160000 17.304650
1.160000 17.414923

1.180000 -10.911710
1.180000 -4.968509
1.180000 -1.922571
1.180000 -1.912777
1.180000 1.945654
1.180000 2.973522
1.180000 8.946034
1.180000 8.984227
1.180000 8.999474
1.180000 10.749162
1.180000 14.624872
1.180000 15.385657
1.180000 15.698749
1.180000 15.714017
1.180000 17.115584
1.180000 17.272378

1.200000 -10.845379
1.200000 -5.091614
1.200000 -1.965579
1.200000 -1.955850
1.200000 1.905869
1.200000 2.876194
1.200000 9.169619
1.200000 9.182029
1.200000 9.197743
1.200000 10.869213
1.200000 14.848822
1.200000 15.601300
1.200000 15.656926
1.200000 15.676202
1.200000 16.910220
1.200000 17.108641

1.220000 -10.779710
1.220000 -5.210407
1.220000 -2.005980
1.220000 -1.996315
1.220000 1.869924
1.220000 2.782496
1.220000 9.381465
1.220000 9.392589
1.220000 9.400634
1.220000 10.991875
1.220000 15.040158
1.220000 15.554244
1.220000 15.575412
1.220000 15.825441
1.220000 16.695450
1.220000 16.954276

1.240000 -10.715081
1.240000 -5.324504
1.240000 -2.043730
1.240000 -2.034127
1.240000 1.837840
1.240000 2.692791
1.240000 9.582496
1.240000 9.597409
1.240000 9.625295
1.240000 11.116931
1.240000 15.171704
1.240000 15.405045
1.240000 15.438832
1.240000 16.043360
1.240000 16.478912
1.240000 16.858266

1.260000 -10.651909
1.260000 -5.433481
1.260000 -2.078790
1.260000 -2.069247
1.260000 1.809626
1.260000 2.607387
1.260000 9.785084
1.260000 9.800483
1.260000 9.855005
1.260000 11.244106
1.260000 15.172462
1.260000 15.225086
1.260000 15.321448
1.260000 16.247756
1.260000 16.264329
1.260000 16.865182

1.280000 -10.590647
1.280000 -5.536878
1.280000 -2.111123
1.280000 -2.101639
1.280000 1.785274
1.280000 2.526551
1.280000 9.989186
1.280000 10.004883
1.280000 10.086423
1.280000 11.373047
1.280000 15.011690
1.280000 15.026168
1.280000 15.249474
1.280000 16.053571
1.280000 16.439340
1.280000 16.992175

1.300000 -10.531786
1.300000 -5.634196
1.300000 -2.140698
1.300000 -2.131272
1.300000 1.764757
1.300000 2.450527
1.300000 10.194755
1.300000 10.210707
1.300000 10.319220
1.300000 11.503291
1.300000 14.807994
1.300000 14.815934
1.300000 15.126674
1.300000 15.847823
1.300000 16.636040
1.300000 17.206938

1.320000 -10.475855
1.320000 -5.724898
1.320000 -2.167486
1.320000 -2.158116
1.320000 1.748015
1.320000 2.379552
1.320000 10.401727
1.320000 10.417925
1.320000 10.553213
1.320000 11.634226
1.320000 14.592138
1.320000 14.599161
1.320000 14.956361
1.320000 15.648064
1.320000 16.848500
1.320000 17.469326

1.340000 -10.423411
1.340000 -5.808418
1.340000 -2.191462
1.340000 -2.182147
1.340000 1.734951
1.340000 2.313870
1.340000 10.610013
1.340000 10.626464
1.340000 10.788266
1.340000 11.765031
1.340000 14.370748
1.340000 14.378888
1.340000 14.757638
1.340000 15.455311
1.340000 17.075726
1.340000 17.757015

1.360000 -10.375036
1.360000 -5.884168
1.360000 -2.212603
1.360000 -2.203342
1.360000 1.725411
1.360000 2.253758
1.360000 10.819479
1.360000 10.836198
1.360000 11.024268
1.360000 11.894581
1.360000 14.146749
1.360000 14.157152
1.360000 14.542844
1.360000 15.270778
1.360000 17.313946
1.360000 18.059427

1.380000 -10.331321
1.380000 -5.951549
1.380000 -2.230891
1.380000 -2.221683
1.380000 1.719165
1.380000 2.199547
1.380000 11.029904
1.380000 11.046923
1.380000 11.261119
1.380000 12.021323
1.380000 13.921890
1.380000 13.935456
1.380000 14.318952
1.380000 15.096035
1.380000 17.559774
1.380000 18.370837

1.400000 -10.292854
1.400000 -6.009965
1.400000 -2.246308
1.400000 -2.237151
1.400000 1.715876
1.400000 2.151654
1.400000 11.240914
1.400000 11.258282
1.400000 11.498720
1.400000 12.143076
1.400000 13.697457
1.400000 13.715111
1.400000 14.089961
1.400000 14.933197
1.400000 17.810163
1.400000 18.687024

1.420000 -10.260195
1.420000 -6.058852
1.420000 -2.258840
1.420000 -2.249735
1.420000 1.715067
1.420000 2.110625
1.420000 11.451807
1.420000 11.469602
1.420000 11.736945
1.420000 12.256761
1.420000 13.474677
1.420000 13.497603
1.420000 13.858315
1.420000 14.785154
1.420000 18.061601
1.420000 19.003083

1.440000 -10.233856
1.440000 -6.097690
1.440000 -2.268477
1.440000 -2.259421
1.440000 1.716089
1.440000 2.077161
1.440000 11.661133
1.440000 11.679486
1.440000 11.975595
1.440000 12.358019
1.440000 13.255225
1.440000 13.285238
1.440000 13.625712
1.440000 14.655818
1.440000 18.308753
1.440000 19.309962

1.460000 -10.214275
1.460000 -6.126038
1.460000 -2.275208
1.460000 -2.266201
1.460000 1.718123
1.460000 2.052119
1.460000 11.865397
1.460000 11.884534
1.460000 12.214210
1.460000 12.440721
1.460000 13.042481
1.460000 13.082836
1.460000 13.393747
1.460000 14.550272
1.460000 18.541694
1.460000 19.584510

1.480000 -10.201792
1.480000 -6.143553
1.480000 -2.279027
1.480000 -2.270068
1.480000 1.720273
1.480000 2.036427
1.480000 12.054127
1.480000 12.074395
1.480000 12.451085
1.480000 12.496684
1.480000 12.846356
1.480000 12.903230
1.480000 13.165262
1.480000 14.474529
1.480000 18.739623
1.480000 19.767275

1.500000 -10.196626
1.500000 -6.150013
1.500000 -2.279929
1.500000 -2.271018
1.500000 1.721769
1.500000 2.030870
1.500000 12.187812
1.500000 12.208578
1.500000 12.523417
1.500000 12.656528
1.500000 12.723624
1.500000 12.782624
1.500000 12.954079
1.500000 14.434506
1.500000 18.860665
1.500000 19.815036

1.500000 -10.166928
1.500000 -6.091382
1.500000 -2.250389
1.500000 -2.109029
1.500000 1.801191
1.500000 2.150350
1.500000 12.284172
1.500000 12.323611
1.500000 12.638807
1.500000 12.670102
1.500000 12.995451
1.500000 13.073521
1.500000 13.216972
1.500000 14.617541
1.500000 18.900976
1.500000 19.891284

1.520000 -10.169514
1.520000 -6.094908
1.520000 -2.250414
1.520000 -2.152768
1.520000 1.816942
1.520000 2.193685
1.520000 12.033329
1.520000 12.093717
1.520000 12.350479
1.520000 12.419390
1.520000 13.291035
1.520000 13.379538
1.520000 13.509720
1.520000 14.695727
1.520000 18.802038
1.520000 19.745349

1.540000 -10.171421
1.540000 -6.094902
1.540000 -2.245313
1.540000 -2.227730
1.540000 1.844453
1.540000 2.286853
1.540000 11.716552
1.540000 11.835542
1.540000 12.033248
1.540000 12.214506
1.540000 13.606473
1.540000 13.689683
1.540000 13.820139
1.540000 14.832672
1.540000 18.629843
1.540000 19.591082

1.560000 -10.172810
1.560000 -6.091494
1.560000 -2.327936
1.560000 -2.235123
1.560000 1.875727
1.560000 2.432071
1.560000 11.396175
1.560000 11.554425
1.560000 11.720203
1.560000 11.998737
1.560000 13.927679
1.560000 14.000969
1.560000 14.136447
1.560000 15.011635
1.560000 18.402645
1.560000 19.429765

1.580000 -10.173913
1.580000 -6.084853
1.580000 -2.446433
1.580000 -2.219894
1.580000 1.908212
1.580000 2.625212
1.580000 11.077840
1.580000 11.267689
1.580000 11.412005
1.580000 11.769287
1.580000 14.250069
1.580000 14.311571
1.580000 14.455039
1.580000 15.219380
1.580000 18.144155
1.580000 19.232896

1.600000 -10.175034
1.600000 -6.075185
1.600000 -2.576362
1.600000 -2.199688
1.600000 1.942600
1.600000 2.859048
1.600000 10.763735
1.600000 10.981345
1.600000 11.109116
1.600000 11.530113
1.600000 14.570828
1.600000 14.619921
1.600000 14.773109
1.600000 15.446835
1.600000 17.872937
1.600000 18.993694

1.620000 -10.176550
1.620000 -6.062723
1.620000 -2.711548
1.620000 -2.174582
1.620000 1.980124
1.620000 3.126529
1.620000 10.455012
1.620000 10.697910
1.620000 10.811937
1.620000 11.285346
1.620000 14.887209
1.620000 14.924534
1.620000 15.086946
1.620000 15.688040
1.620000 17.602159
1.620000 18.726161

1.640000 -10.178905
1.640000 -6.047715
1.640000 -2.846697
1.640000 -2.144664
1.640000 2.021686
1.640000 3.421814
1.640000 10.152438
1.640000 10.418678
1.640000 10.520849
1.640000 11.038195
1.640000 15.195106
1.640000 15.224011
1.640000 15.390590
1.640000 15.939016
1.640000 17.344036
1.640000 18.445142

1.660000 -10.182606
1.660000 -6.030407
1.660000 -2.977381
1.660000 -2.110041
1.660000 2.067816
1.660000 3.740238
1.660000 9.856640
1.660000 10.144426
1.660000 10.236243
1.660000 10.791023
1.660000 15.484450
1.660000 15.517130
1.660000 15.674691
1.660000 16.196923
1.660000 17.116880
1.660000 18.160890

1.680000 -10.188216
1.680000 -6.011012
1.680000 -3.099934
1.680000 -2.070834
1.680000 2.118781
1.680000 4.078008
1.680000 9.568229
1.680000 9.875677
1.680000 9.958540
1.680000 10.545590
1.680000 15.718758
1.680000 15.802972
1.680000 15.934028
1.680000 16.459508
1.680000 16.957629
1.680000 17.881967

1.700000 -10.196341
1.700000 -5.989682
1.700000 -3.211347
1.700000 -2.027182
1.700000 2.174676
1.700000 4.431862
1.700000 9.287904
1.700000 9.612809
1.700000 9.688237
1.700000 10.303242
1.700000 15.807947
1.700000 16.081012
1.700000 16.190680
1.700000 16.724765
1.700000 16.920537
1.700000 17.622847

1.720000 -10.207612
1.720000 -5.966459
1.720000 -3.309192
1.720000 -1.979239
1.720000 2.235478
1.720000 4.798704
1.720000 9.016592
1.720000 9.356109
1.720000 9.425972
1.720000 10.065048
1.720000 15.724382
1.720000 16.351161
1.720000 16.448403
1.720000 16.974836
1.720000 16.990799
1.720000 17.437105

1.740000 -10.222667
1.740000 -5.941237
1.740000 -3.391571
1.740000 -1.927183
1.740000 2.301073
1.740000 5.175095
1.740000 8.755671
1.740000 9.105797
1.740000 9.172672
1.740000 9.831892
1.740000 15.543499
1.740000 16.613721
1.740000 16.638303
1.740000 16.966588
1.740000 17.255830
1.740000 17.469862

1.750000 -10.231806
1.750000 -5.927792
1.750000 -3.426509
1.750000 -1.899673
1.750000 2.335611
1.750000 5.365505
1.750000 8.629764
1.750000 8.983092
1.750000 9.049825
1.750000 9.717445
1.750000 15.436253
1.750000 16.629950
1.750000 16.742331
1.750000 17.004926
1.750000 17.387470
1.750000 17.559427

1.750000 -10.231806
1.750000 -5.927792
1.750000 -3.426509
1.750000 -1.899673
1.750000 2.335611
1.750000 5.365505
1.750000 8.629764
1.750000 8.983092
1.750000 9.049825
1.750000 9.717445
1.750000 15.436253
1.750000 16.629950
1.750000 16.742331
1.750000 17.004926
1.750000 17.387470
1.750000 17.559427

1.770000 -10.253671
1.770000 -5.898951
1.770000 -3.483249
1.770000 -1.841820
1.770000 2.408019
1.770000 5.746659
1.770000 8.389225
1.770000 8.742668
1.770000 8.813263
1.770000 9.493249
1.770000 15.206916
1.770000 16.438948
1.770000 16.994667
1.770000 17.213025
1.770000 17.648167
1.770000 17.784393

1.790000 -10.280750
1.790000 -5.866966
1.790000 -3.521992
1.790000 -1.780385
1.790000 2.484614
1.790000 6.118666
1.790000 8.168790
1.790000 8.508976
1.790000 8.593008
1.790000 9.275858
1.790000 14.969173
1.790000 16.190179
1.790000 17.241180
1.790000 17.452991
1.790000 17.904606
1.790000 18.020986

1.810000 -10.313467
1.810000 -5.831016
1.810000 -3.542563
1.810000 -1.715619
1.810000 2.565024
1.810000 6.458491
1.810000 7.978992
1.810000 8.282089
1.810000 8.401237
1.810000 9.065890
1.810000 14.729777
1.810000 15.930896
1.810000 17.482721
1.810000 17.681486
1.810000 18.156191
1.810000 18.239614

1.830000 -10.352126
1.830000 -5.790115
1.830000 -3.545202
1.830000 -1.647801
1.830000 2.648788
1.830000 6.715978
1.830000 7.831417
1.830000 8.062041
1.830000 8.276330
1.830000 8.863944
1.830000 14.491899
1.830000 15.670153
1.830000 17.720129
1.830000 17.865162
1.830000 18.397212
1.830000 18.402755

1.850000 -10.396878
1.850000 -5.743188
1.850000 -3.530501
1.850000 -1.577235
1.850000 2.735347
1.850000 6.821086
1.850000 7.704069
1.850000 7.848840
1.850000 8.310245
1.850000 8.670617
1.850000 14.257092
1.850000 15.410628
1.850000 17.875043
1.850000 17.954194
1.850000 18.448656
1.850000 18.644506

1.870000 -10.447716
1.870000 -5.689150
1.870000 -3.499311
1.870000 -1.504249
1.870000 2.824022
1.870000 6.773052
1.870000 7.554146
1.870000 7.642463
1.870000 8.486506
1.870000 8.546549
1.870000 14.026041
1.870000 15.153156
1.870000 17.555061
1.870000 18.185631
1.870000 18.554934
1.870000 18.881940

1.890000 -10.504471
1.890000 -5.626983
1.890000 -3.452655
1.890000 -1.429202
1.890000 2.913991
1.890000 6.642291
1.890000 7.387879
1.890000 7.442861
1.890000 8.312216
1.890000 8.908645
1.890000 13.798853
1.890000 14.897778
1.890000 17.083627
1.890000 18.415050
1.890000 18.714652
1.890000 19.115747

1.910000 -10.566817
1.910000 -5.555799
1.910000 -3.391650
1.910000 -1.352479
1.910000 3.004264
1.910000 6.478745
1.910000 7.220195
1.910000 7.249966
1.910000 8.148362
1.910000 9.331708
1.910000 13.575123
1.910000 14.644062
1.910000 16.579267
1.910000 18.642915
1.910000 18.857379
1.910000 19.346704

1.930000 -10.634297
1.930000 -5.474879
1.930000 -3.317438
1.930000 -1.274489
1.930000 3.093651
1.930000 6.304088
1.930000 7.058445
1.930000 7.063694
1.930000 7.995569
1.930000 9.786630
1.930000 13.353845
1.930000 14.391195
1.930000 16.075535
1.930000 18.869469
1.930000 18.927464
1.930000 19.575585

1.950000 -10.706340
1.950000 -5.383692
1.950000 -3.231147
1.950000 -1.195670
1.950000 3.180738
1.950000 6.127571
1.950000 6.883951
1.950000 6.906382
1.950000 7.854459
1.950000 10.259955
1.950000 13.133180
1.950000 14.138047
1.950000 15.586777
1.950000 18.850509
1.950000 19.094571
1.950000 19.803044

1.970000 -10.782296
1.970000 -5.281890
1.970000 -3.133855
1.970000 -1.116480
1.970000 3.263859
1.970000 5.953586
1.970000 6.710642
1.970000 6.766436
1.970000 7.725655
1.970000 10.743488
1.970000 12.910027
1.970000 13.883390
1.970000 15.123871
1.970000 18.599441
1.970000 19.317340
1.970000 20.029440

1.990000 -10.861462
1.990000 -5.169288
1.990000 -3.026587
1.990000 -1.037396
1.990000 3.341103
1.990000 5.784480
1.990000 6.543676
1.990000 6.640535
1.990000 7.609762
1.990000 11.229245
1.990000 12.679511
1.990000 13.626641
1.990000 14.699142
1.990000 18.238986
1.990000 19.535216
1.990000 20.254401

2.010000 -10.943109
2.010000 -5.045846
2.010000 -2.910309
2.010000 -0.958908
2.010000 3.410339
2.010000 5.621661
2.010000 6.382971
2.010000 6.530368
2.010000 7.507363
2.010000 11.703726
2.010000 12.435288
2.010000 13.369692
2.010000 14.329678
2.010000 17.833942
2.010000 19.741063
2.010000 20.452203

2.030000 -11.026505
2.030000 -4.911633
2.030000 -2.785935
2.030000 -0.881515
2.030000 3.469316
2.030000 5.466062
2.030000 6.228460
2.030000 6.437398
2.030000 7.419002
2.030000 12.092190
2.030000 12.214896
2.030000 13.119559
2.030000 14.044868
2.030000 17.417233
2.030000 19.912329
2.030000 20.653513

2.050000 -11.110933
2.050000 -4.766808
2.050000 -2.654340
2.050000 -0.805712
2.050000 3.515818
2.050000 5.318363
2.050000 6.080094
2.050000 6.362710
2.050000 7.345178
2.050000 11.849052
2.050000 12.483040
2.050000 12.889719
2.050000 13.911112
2.050000 17.004921
2.050000 19.970685
2.050000 20.786072

2.070000 -11.195709
2.070000 -4.611594
2.070000 -2.516374
2.070000 -0.731987
2.070000 3.547905
2.070000 5.179095
2.070000 5.937845
2.070000 6.306732
2.070000 7.286324
2.070000 11.515643
2.070000 12.568120
2.070000 12.704001
2.070000 14.033031
2.070000 16.607031
2.070000 19.780768
2.070000 20.826447

2.090000 -11.280185
2.090000 -4.446260
2.090000 -2.372880
2.090000 -0.660804
2.090000 3.564173
2.090000 5.048696
2.090000 5.801701
2.090000 6.268888
2.090000 7.242805
2.090000 11.156083
2.090000 12.444391
2.090000 12.545129
2.090000 14.384477
2.090000 16.234192
2.090000 19.404849
2.090000 20.981243

2.110000 -11.363761
2.110000 -4.271108
2.110000 -2.224703
2.110000 -0.592597
2.110000 3.563967
2.110000 4.927533
2.110000 5.671668
2.110000 6.247239
2.110000 7.214893
2.110000 10.783616
2.110000 12.292110
2.110000 12.342783
2.110000 14.820297
2.110000 15.913152
2.110000 18.968677
2.110000 21.125226

2.130000 -11.445881
2.130000 -4.086462
2.130000 -2.072716
2.130000 -0.527755
2.130000 3.547460
2.130000 4.815924
2.130000 5.547766
2.130000 6.238201
2.130000 7.202761
2.130000 10.410292
2.130000 12.099610
2.130000 12.164178
2.130000 15.124932
2.130000 15.796787
2.130000 18.517310
2.130000 20.823232

2.150000 -11.526040
2.150000 -3.892667
2.150000 -1.917828
2.150000 -0.466614
2.150000 3.515557
2.150000 4.714143
2.150000 5.430027
2.150000 6.236368
2.150000 7.206466
2.150000 10.046721
2.150000 11.848913
2.150000 12.044385
2.150000 15.008462
2.150000 16.152984
2.150000 18.065099
2.150000 20.410470

2.170000 -11.603782
2.170000 -3.690081
2.170000 -1.761002
2.170000 -0.409447
2.170000 3.469645
2.170000 4.622440
2.170000 5.318490
2.170000 6.234459
2.170000 7.225929
2.170000 9.702692
2.170000 11.585035
2.170000 11.943742
2.170000 14.753193
2.170000 16.691194
2.170000 17.617766
2.170000 19.966917

2.190000 -11.678692
2.190000 -3.479081
2.190000 -1.603270
2.190000 -0.356457
2.190000 3.411278
2.190000 4.541047
2.190000 5.213202
2.190000 6.223434
2.190000 7.260926
2.190000 9.387967
2.190000 11.312081
2.190000 11.860574
2.190000 14.493389
2.190000 17.178181
2.190000 17.273365
2.190000 19.516871

2.210000 -11.750402
2.210000 -3.260066
2.210000 -1.445743
2.210000 -0.307772
2.210000 3.341879
2.210000 4.470196
2.210000 5.114210
2.210000 6.193041
2.210000 7.311064
2.210000 9.112512
2.210000 11.032183
2.210000 11.794870
2.210000 14.249918
2.210000 16.748123
2.210000 17.876122
2.210000 19.068983

2.230000 -11.818582
2.230000 -3.033464
2.230000 -1.289618
2.230000 -0.263448
2.230000 3.262505
2.230000 4.410118
2.230000 5.021566
2.230000 6.133305
2.230000 7.375766
2.230000 8.885582
2.230000 10.747426
2.230000 11.747121
2.230000 14.027411
2.230000 16.328934
2.230000 18.486693
2.230000 18.633152

2.250000 -11.882937
2.250000 -2.799749
2.250000 -1.136185
2.250000 -0.223467
2.250000 3.173702
2.250000 4.361029
2.250000 4.935318
2.250000 6.037204
2.250000 7.454241
2.250000 8.713424
2.250000 10.460181
2.250000 11.718144
2.250000 13.826676
2.250000 15.921813
2.250000 18.189063
2.250000 19.124652

2.270000 -11.943209
2.270000 -2.559452
2.270000 -0.986819
2.270000 -0.187748
2.270000 3.075422
2.270000 4.323099
2.270000 4.855513
2.270000 5.903600
2.270000 7.545460
2.270000 8.596607
2.270000 10.173142
2.270000 11.708952
2.270000 13.647178
2.270000 15.527979
2.270000 17.763451
2.270000 19.763134

2.290000 -11.999168
2.290000 -2.313194
2.290000 -0.842973
2.290000 -0.156150
2.290000 2.967017
2.290000 4.296402
2.290000 4.782198
2.290000 5.738241
2.290000 7.648111
2.290000 8.529195
2.290000 9.889286
2.290000 11.720630
2.290000 13.487838
2.290000 15.148782
2.290000 17.347364
2.290000 20.411231

2.310000 -12.050614
2.310000 -2.061723
2.310000 -0.706153
2.310000 -0.128488
2.310000 2.847328
2.310000 4.280835
2.310000 4.715414
2.310000 5.551839
2.310000 7.760550
2.310000 8.500747
2.310000 9.611849
2.310000 11.754175
2.310000 13.347387
2.310000 14.785803
2.310000 16.942126
2.310000 21.067934

2.330000 -12.097371
2.330000 -1.805973
2.330000 -0.577885
2.330000 -0.104546
2.330000 2.714887
2.330000 4.276024
2.330000 4.655200
2.330000 5.356839
2.330000 7.880723
2.330000 8.499514
2.330000 9.344366
2.330000 11.810306
2.330000 13.224555
2.330000 14.440958
2.330000 16.548872
2.330000 21.732586

2.350000 -12.139287
2.350000 -1.547166
2.350000 -0.459673
2.350000 -0.084083
2.350000 2.568299
2.350000 4.281211
2.350000 4.601590
2.350000 5.164888
2.350000 8.006078
2.350000 8.514613
2.350000 9.090916
2.350000 11.889226
2.350000 13.118165
2.350000 14.116622
2.350000 16.168924
2.350000 22.404530

2.370000 -12.176232
2.370000 -1.286973
2.370000 -0.352949
2.370000 -0.066854
2.370000 2.406819
2.370000 4.295138
2.370000 4.554615
2.370000 4.985568
2.370000 8.133444
2.370000 8.535813
2.370000 8.857357
2.370000 11.990347
2.370000 13.027177
2.370000 13.815761
2.370000 15.804002
2.370000 23.082948

2.390000 -12.208094
2.390000 -1.027812
2.390000 -0.259022
2.390000 -0.052616
2.390000 2.231105
2.390000 4.315943
2.390000 4.514302
2.390000 4.825964
2.390000 8.258905
2.390000 8.539216
2.390000 8.665758
2.390000 12.111932
2.390000 12.950711
2.390000 13.542078
2.390000 15.456538
2.390000 23.766631

2.410000 -12.234782
2.410000 -0.773407
2.410000 -0.179034
2.410000 -0.041140
2.410000 2.044109
2.410000 4.341108
2.410000 4.480673
2.410000 4.690677
2.410000 8.377698
2.410000 8.420055
2.410000 8.621254
2.410000 12.250545
2.410000 12.888045
2.410000 13.300130
2.410000 15.130241
2.410000 24.453531

2.430000 -12.256220
2.430000 -0.529908
2.430000 -0.113923
2.430000 -0.032224
2.430000 1.852240
2.430000 4.367506
2.430000 4.453747
2.430000 4.582153
2.430000 8.267317
2.430000 8.484211
2.430000 8.636932
2.430000 12.400017
2.430000 12.838611
2.430000 13.095341
2.430000 14.831198
2.430000 25.139668

2.450000 -12.272349
2.450000 -0.308200
2.450000 -0.064381
2.450000 -0.025694
2.450000 1.667374
2.450000 4.391570
2.450000 4.433540
2.450000 4.501292
2.450000 8.143337
2.450000 8.572203
2.450000 8.653600
2.450000 12.549352
2.450000 12.802023
2.450000 12.933793
2.450000 14.570058
2.450000 25.816060

2.470000 -12.283125
2.470000 -0.128281
2.470000 -0.030660
2.470000 -0.021419
2.470000 1.510582
2.470000 4.409390
2.470000 4.420062
2.470000 4.448436
2.470000 8.057131
2.470000 8.635404
2.470000 8.665711
2.470000 12.678809
2.470000 12.778299
2.470000 12.821626
2.470000 14.365849
2.470000 26.458043

2.490000 -12.288521
2.490000 -0.027240
2.490000 -0.019304
2.490000 -0.008330
2.490000 1.415375
2.490000 4.413321
2.490000 4.413894
2.490000 4.427385
2.490000 8.012967
2.490000 8.668538
2.490000 8.671967
2.490000 12.752288
2.490000 12.764031
2.490000 12.772754
2.490000 14.248823
2.490000 26.815647

2.500000 -12.289196
2.500000 -0.019041
2.500000 -0.019041
2.500000 -0.000000
2.500000 1.402353
2.500000 4.412479
2.500000 4.412479
2.500000 4.426781
2.500000 8.007396
2.500000 8.672757
2.500000 8.672757
2.500000 12.756756
2.500000 12.756756
2.500000 12.777766
2.500000 14.233213
2.500000 26.847607

0.000000 0.250000 0.500000 1.000000 1.500000 1.625000 1.750000 2.125000 2.500000 
L


[-1,-1,-1]
\Gamma


[1,0,0]
X


[-1,-1,0]
K


[-1,-1,0]
\Gamma
