130 16
0.000000 -8.855589
0.000000 -4.888051
0.000000 -0.757778
0.000000 -0.757778
0.000000 1.976155
0.000000 4.468702
0.000000 4.468702
0.000000 8.218314
0.000000 10.141293
0.000000 10.141293
0.000000 10.343852
0.000000 11.427396
0.000000 11.427396
0.000000 11.762425
0.000000 17.788703
0.000000 18.414117

0.020000 -8.867266
0.020000 -4.869898
0.020000 -0.757474
0.020000 -0.757474
0.020000 1.977627
0.020000 4.469011
0.020000 4.469011
0.020000 8.222571
0.020000 9.968424
0.020000 9.968424
0.020000 10.160853
0.020000 11.610330
0.020000 11.610330
0.020000 11.945208
0.020000 17.209797
0.020000 18.998705

0.040000 -8.893937
0.040000 -4.821340
0.040000 -0.752637
0.040000 -0.752637
0.040000 1.985416
0.040000 4.474709
0.040000 4.474709
0.040000 8.235460
0.040000 9.708876
0.040000 9.708876
0.040000 9.862331
0.040000 11.904295
0.040000 11.904295
0.040000 12.257785
0.040000 16.637619
0.040000 18.986208

0.060000 -8.934330
0.060000 -4.743693
0.060000 -0.743317
0.060000 -0.743317
0.060000 1.999466
0.060000 4.485406
0.060000 4.485406
0.060000 8.255155
0.060000 9.420781
0.060000 9.420781
0.060000 9.522040
0.060000 12.251367
0.060000 12.251367
0.060000 12.625881
0.060000 16.081258
0.060000 18.497734

0.080000 -8.986626
0.080000 -4.638847
0.080000 -0.729589
0.080000 -0.729589
0.080000 2.019683
0.080000 4.500485
0.080000 4.500485
0.080000 8.276263
0.080000 9.128002
0.080000 9.128002
0.080000 9.174225
0.080000 12.627963
0.080000 12.627963
0.080000 13.014623
0.080000 15.548036
0.080000 18.017756

0.100000 -9.048693
0.100000 -4.509027
0.100000 -0.711552
0.100000 -0.711552
0.100000 2.045925
0.100000 4.519064
0.100000 4.519064
0.100000 8.278762
0.100000 8.840980
0.100000 8.840980
0.100000 8.850236
0.100000 13.023905
0.100000 13.023905
0.100000 13.393641
0.100000 15.057714
0.100000 17.548844

0.120000 -9.118308
0.120000 -4.356584
0.120000 -0.689335
0.120000 -0.689335
0.120000 2.077996
0.120000 4.539957
0.120000 4.539957
0.120000 8.182358
0.120000 8.565342
0.120000 8.565342
0.120000 8.635186
0.120000 13.433544
0.120000 13.433544
0.120000 13.674822
0.120000 14.694132
0.120000 17.093153

0.140000 -9.193320
0.140000 -4.183827
0.140000 -0.663097
0.140000 -0.663097
0.140000 2.115626
0.140000 4.561630
0.140000 4.561630
0.140000 7.918040
0.140000 8.304929
0.140000 8.304929
0.140000 8.600164
0.140000 13.603095
0.140000 13.851921
0.140000 13.851921
0.140000 14.710720
0.140000 16.653940

0.160000 -9.271754
0.160000 -3.992924
0.160000 -0.633038
0.160000 -0.633038
0.160000 2.158451
0.160000 4.582157
0.160000 4.582157
0.160000 7.586220
0.160000 8.062966
0.160000 8.062966
0.160000 8.645443
0.160000 13.234168
0.160000 14.270605
0.160000 14.270605
0.160000 15.051371
0.160000 16.238805

0.180000 -9.351861
0.180000 -3.785862
0.180000 -0.599396
0.180000 -0.599396
0.180000 2.205980
0.180000 4.599205
0.180000 4.599205
0.180000 7.240232
0.180000 7.842553
0.180000 7.842553
0.180000 8.717463
0.180000 12.799825
0.180000 14.662599
0.180000 14.662599
0.180000 15.484430
0.180000 15.874391

0.200000 -9.432128
0.200000 -3.564438
0.200000 -0.562464
0.200000 -0.562464
0.200000 2.257547
0.200000 4.610091
0.200000 4.610091
0.200000 6.893150
0.200000 7.646826
0.200000 7.646826
0.200000 8.802063
0.200000 12.363005
0.200000 14.896371
0.200000 14.896371
0.200000 15.692175
0.200000 15.692175

0.220000 -9.511271
0.220000 -3.330283
0.220000 -0.522587
0.220000 -0.522587
0.220000 2.312247
0.220000 4.611947
0.220000 4.611947
0.220000 6.549409
0.220000 7.478899
0.220000 7.478899
0.220000 8.892586
0.220000 11.941970
0.220000 14.749378
0.220000 14.749378
0.220000 15.914866
0.220000 15.914866

0.240000 -9.588208
0.240000 -3.084897
0.240000 -0.480179
0.240000 -0.480179
0.240000 2.368830
0.240000 4.602070
0.240000 4.602070
0.240000 6.211372
0.240000 7.341562
0.240000 7.341562
0.240000 8.982561
0.240000 11.547459
0.240000 14.430109
0.240000 14.430109
0.240000 16.334325
0.240000 16.334325

0.260000 -9.662038
0.260000 -2.829694
0.260000 -0.435724
0.260000 -0.435724
0.260000 2.425552
0.260000 4.578418
0.260000 4.578418
0.260000 5.881011
0.260000 7.236799
0.260000 7.236799
0.260000 9.062484
0.260000 11.191282
0.260000 14.083673
0.260000 14.083673
0.260000 16.805969
0.260000 16.805969

0.280000 -9.732008
0.280000 -2.566058
0.280000 -0.389793
0.280000 -0.389793
0.280000 2.479943
0.280000 4.540165
0.280000 4.540165
0.280000 5.560622
0.280000 7.165234
0.280000 7.165234
0.280000 9.116583
0.280000 10.890865
0.280000 13.739943
0.280000 13.739943
0.280000 16.561226
0.280000 17.300643

0.300000 -9.797497
0.300000 -2.295406
0.300000 -0.343044
0.300000 -0.343044
0.300000 2.528467
0.300000 4.488069
0.300000 4.488069
0.300000 5.253364
0.300000 7.125739
0.300000 7.125739
0.300000 9.121028
0.300000 10.671446
0.300000 13.407724
0.300000 13.407724
0.300000 16.170617
0.300000 17.810458

0.320000 -9.857987
0.320000 -2.019273
0.320000 -0.296234
0.320000 -0.296234
0.320000 2.566049
0.320000 4.424464
0.320000 4.424464
0.320000 4.963839
0.320000 7.115399
0.320000 7.115399
0.320000 9.052841
0.320000 10.557298
0.320000 13.091246
0.320000 13.091246
0.320000 15.780926
0.320000 18.332338

0.340000 -9.913054
0.340000 -1.739425
0.340000 -0.250216
0.340000 -0.250216
0.340000 2.585566
0.340000 4.352878
0.340000 4.352878
0.340000 4.698705
0.340000 7.129838
0.340000 7.129838
0.340000 8.912366
0.340000 10.549278
0.340000 12.793549
0.340000 12.793549
0.340000 15.401738
0.340000 18.864652

0.360000 -9.962346
0.360000 -1.458040
0.360000 -0.205938
0.360000 -0.205938
0.360000 2.577760
0.360000 4.277461
0.360000 4.277461
0.360000 4.466899
0.360000 7.163723
0.360000 7.163723
0.360000 8.726476
0.360000 10.621549
0.360000 12.517482
0.360000 12.517482
0.360000 15.036937
0.360000 19.406212

0.380000 -10.005576
0.380000 -1.177994
0.380000 -0.164427
0.380000 -0.164427
0.380000 2.532790
0.380000 4.202458
0.380000 4.202458
0.380000 4.278347
0.380000 7.211205
0.380000 7.211205
0.380000 8.525711
0.380000 10.744230
0.380000 12.266102
0.380000 12.266102
0.380000 14.689549
0.380000 19.955824

0.400000 -10.042512
0.400000 -0.903358
0.400000 -0.126761
0.400000 -0.126761
0.400000 2.444728
0.400000 4.131842
0.400000 4.131842
0.400000 4.139940
0.400000 7.266224
0.400000 7.266224
0.400000 8.331720
0.400000 10.895533
0.400000 12.042850
0.400000 12.042850
0.400000 14.363198
0.400000 20.511881

0.420000 -10.072967
0.420000 -0.640294
0.420000 -0.094029
0.420000 -0.094029
0.420000 2.317455
0.420000 4.050577
0.420000 4.069112
0.420000 4.069112
0.420000 7.322680
0.420000 7.322680
0.420000 8.158307
0.420000 11.059872
0.420000 11.851596
0.420000 11.851596
0.420000 14.063220
0.420000 21.071691

0.440000 -10.096798
0.440000 -0.398642
0.440000 -0.067272
0.440000 -0.067272
0.440000 2.166944
0.440000 4.000596
0.440000 4.017201
0.440000 4.017201
0.440000 7.374617
0.440000 7.374617
0.440000 8.014682
0.440000 11.223074
0.440000 11.696528
0.440000 11.696528
0.440000 13.798185
0.440000 21.629818

0.460000 -10.113894
0.460000 -0.194437
0.460000 -0.047412
0.460000 -0.047412
0.460000 2.019090
0.460000 3.976712
0.460000 3.978430
0.460000 3.978430
0.460000 7.416514
0.460000 7.416514
0.460000 7.907397
0.460000 11.368066
0.460000 11.581857
0.460000 11.581857
0.460000 13.582072
0.460000 22.172794

0.480000 -10.124181
0.480000 -0.052111
0.480000 -0.035182
0.480000 -0.035182
0.480000 1.906999
0.480000 3.954485
0.480000 3.954485
0.480000 3.967309
0.480000 7.443749
0.480000 7.443749
0.480000 7.841106
0.480000 11.472163
0.480000 11.511303
0.480000 11.511303
0.480000 13.435866
0.480000 22.656639

0.500000 -10.127615
0.500000 -0.031051
0.500000 -0.031051
0.500000 0.000000
0.500000 1.864377
0.500000 3.946389
0.500000 3.946389
0.500000 3.965004
0.500000 7.453198
0.500000 7.453198
0.500000 7.818682
0.500000 11.487472
0.500000 11.487472
0.500000 11.510782
0.500000 13.383299
0.500000 22.690647

0.500000 -10.127615
0.500000 -0.031051
0.500000 -0.031051
0.500000 0.000000
0.500000 1.864377
0.500000 3.946389
0.500000 3.946389
0.500000 3.965004
0.500000 7.453198
0.500000 7.453198
0.500000 7.818682
0.500000 11.487472
0.500000 11.487472
0.500000 11.510782
0.500000 13.383299
0.500000 22.690647

0.520000 -10.126471
0.520000 -0.042176
0.520000 -0.034282
0.520000 -0.006090
0.520000 1.878989
0.520000 3.944233
0.520000 3.951685
0.520000 3.967963
0.520000 7.445296
0.520000 7.454743
0.520000 7.826170
0.520000 11.486727
0.520000 11.489962
0.520000 11.511866
0.520000 13.401021
0.520000 22.621177

0.540000 -10.123039
0.540000 -0.079173
0.540000 -0.043916
0.540000 -0.019426
0.540000 1.921545
0.540000 3.933072
0.540000 3.967511
0.540000 3.981601
0.540000 7.421654
0.540000 7.459378
0.540000 7.848672
0.540000 11.483288
0.540000 11.497434
0.540000 11.516872
0.540000 13.453435
0.540000 22.439415

0.560000 -10.117322
0.560000 -0.141486
0.560000 -0.059783
0.560000 -0.037106
0.560000 1.988682
0.560000 3.911966
0.560000 3.993694
0.560000 4.007056
0.560000 7.382600
0.560000 7.467103
0.560000 7.886165
0.560000 11.476742
0.560000 11.509887
0.560000 11.527675
0.560000 13.538479
0.560000 22.198989

0.580000 -10.109326
0.580000 -0.223924
0.580000 -0.081607
0.580000 -0.059816
0.580000 2.076027
0.580000 3.882439
0.580000 4.029955
0.580000 4.043116
0.580000 7.328917
0.580000 7.477917
0.580000 7.938358
0.580000 11.469089
0.580000 11.527322
0.580000 11.544226
0.580000 13.653260
0.580000 21.934417

0.600000 -10.099056
0.600000 -0.321714
0.600000 -0.109030
0.600000 -0.087768
0.600000 2.179166
0.600000 3.845585
0.600000 4.075926
0.600000 4.089092
0.600000 7.261855
0.600000 7.491819
0.600000 8.004660
0.600000 11.462689
0.600000 11.549737
0.600000 11.566149
0.600000 13.794575
0.600000 21.660090

0.620000 -10.086521
0.620000 -0.431021
0.620000 -0.141623
0.620000 -0.120743
0.620000 2.294162
0.620000 3.802428
0.620000 4.131169
0.620000 4.144442
0.620000 7.183008
0.620000 7.508807
0.620000 8.084285
0.620000 11.459454
0.620000 11.577133
0.620000 11.593240
0.620000 13.959300
0.620000 21.381980

0.640000 -10.071733
0.640000 -0.548866
0.640000 -0.178912
0.640000 -0.158348
0.640000 2.417659
0.640000 3.754062
0.640000 4.195201
0.640000 4.208640
0.640000 7.094183
0.640000 7.528881
0.640000 8.176350
0.640000 11.460786
0.640000 11.609509
0.640000 11.625407
0.640000 14.144601
0.640000 21.102867

0.660000 -10.054704
0.660000 -0.672987
0.660000 -0.220396
0.660000 -0.200114
0.660000 2.546755
0.660000 3.701710
0.660000 4.267504
0.660000 4.281150
0.660000 6.997314
0.660000 7.552038
0.660000 8.279952
0.660000 11.467632
0.660000 11.646862
0.660000 11.662603
0.660000 14.348018
0.660000 20.824195

0.680000 -10.035449
0.680000 -0.801687
0.680000 -0.265562
0.680000 -0.245546
0.680000 2.678706
0.680000 3.646848
0.680000 4.347555
0.680000 4.361434
0.680000 6.894406
0.680000 7.578276
0.680000 8.394213
0.680000 11.480577
0.680000 11.689189
0.680000 11.704801
0.680000 14.567456
0.680000 20.546783

0.700000 -10.013987
0.700000 -0.933691
0.700000 -0.313903
0.700000 -0.294144
0.700000 2.810440
0.700000 3.591516
0.700000 4.434828
0.700000 4.448961
0.700000 6.787518
0.700000 7.607592
0.700000 8.518308
0.700000 11.499935
0.700000 11.736483
0.700000 11.751983
0.700000 14.801153
0.700000 20.271133

0.720000 -9.990337
0.720000 -1.068040
0.720000 -0.364929
0.720000 -0.345419
0.720000 2.937509
0.720000 3.539208
0.720000 4.528815
0.720000 4.543216
0.720000 6.678770
0.720000 7.639984
0.720000 8.651471
0.720000 11.525833
0.720000 11.788735
0.720000 11.804132
0.720000 15.047629
0.720000 19.997567

0.740000 -9.964521
0.740000 -1.204001
0.740000 -0.418172
0.740000 -0.398904
0.740000 3.051368
0.740000 3.497450
0.740000 4.629028
0.740000 4.643708
0.740000 6.570383
0.740000 7.675448
0.740000 8.793008
0.740000 11.558279
0.740000 11.845932
0.740000 11.861231
0.740000 15.305642
0.740000 19.726305

0.760000 -9.936566
0.760000 -1.341010
0.760000 -0.473192
0.760000 -0.454162
0.760000 3.133298
0.760000 3.483748
0.760000 4.735010
0.760000 4.749974
0.760000 6.464746
0.760000 7.713979
0.760000 8.942295
0.760000 11.597208
0.760000 11.908057
0.760000 11.923259
0.760000 15.574142
0.760000 19.457503

0.780000 -9.906500
0.780000 -1.478624
0.780000 -0.529583
0.780000 -0.510783
0.780000 3.158732
0.780000 3.521135
0.780000 4.846329
0.780000 4.861582
0.780000 6.364497
0.780000 7.755575
0.780000 9.098770
0.780000 11.642516
0.780000 11.975084
0.780000 11.990190
0.780000 15.852239
0.780000 19.191278

0.800000 -9.874353
0.800000 -1.616493
0.800000 -0.586969
0.800000 -0.568394
0.800000 3.134226
0.800000 3.601080
0.800000 4.962591
0.800000 4.978132
0.800000 6.272628
0.800000 7.800228
0.800000 9.261934
0.800000 11.694083
0.800000 12.046980
0.800000 12.061989
0.800000 16.139169
0.800000 18.927720

0.820000 -9.840163
0.820000 -1.754331
0.820000 -0.645007
0.820000 -0.626651
0.820000 3.085788
0.820000 3.695069
0.820000 5.083428
0.820000 5.099257
0.820000 6.192565
0.820000 7.847934
0.820000 9.431340
0.820000 11.751790
0.820000 12.123700
0.820000 12.138610
0.820000 16.434274
0.820000 18.666906

0.840000 -9.803967
0.840000 -1.891903
0.840000 -0.703386
0.840000 -0.685243
0.840000 3.027728
0.840000 3.785745
0.840000 5.208506
0.840000 5.224620
0.840000 6.128178
0.840000 7.898686
0.840000 9.606588
0.840000 11.815521
0.840000 12.205185
0.840000 12.219994
0.840000 16.736972
0.840000 18.408903

0.860000 -9.765809
0.860000 -2.029010
0.860000 -0.761824
0.860000 -0.743886
0.860000 2.965768
0.860000 3.863968
0.860000 5.337520
0.860000 5.353911
0.860000 6.083615
0.860000 7.952477
0.860000 9.787319
0.860000 11.885174
0.860000 12.291357
0.860000 12.306062
0.860000 17.046731
0.860000 18.153778

0.880000 -9.725737
0.880000 -2.165481
0.880000 -0.820065
0.880000 -0.802327
0.880000 2.902412
0.880000 3.923899
0.880000 5.470190
0.880000 5.486850
0.880000 6.062854
0.880000 8.009299
0.880000 9.973204
0.880000 11.960660
0.880000 12.382114
0.880000 12.396711
0.880000 17.363010
0.880000 17.901598

0.900000 -9.683803
0.900000 -2.301164
0.900000 -0.877880
0.900000 -0.860335
0.900000 2.838943
0.900000 3.961740
0.900000 5.606265
0.900000 5.623178
0.900000 6.068976
0.900000 8.069140
0.900000 10.163939
0.900000 12.041904
0.900000 12.477318
0.900000 12.491806
0.900000 17.652445
0.900000 17.685046

0.920000 -9.640066
0.920000 -2.435921
0.920000 -0.935062
0.920000 -0.917703
0.920000 2.776118
0.920000 3.975825
0.920000 5.745513
0.920000 5.762664
0.920000 6.103385
0.920000 8.131992
0.920000 10.359241
0.920000 12.128843
0.920000 12.576787
0.920000 12.591164
0.920000 17.406413
0.920000 17.621848

0.940000 -9.594590
0.940000 -2.569621
0.940000 -0.991424
0.940000 -0.974245
0.940000 2.714435
0.940000 3.966745
0.940000 5.887728
0.940000 5.905094
0.940000 6.165424
0.940000 8.197842
0.940000 10.558833
0.940000 12.221428
0.940000 12.680280
0.940000 12.694543
0.940000 17.163624
0.940000 17.373647

0.960000 -9.547446
0.960000 -2.702141
0.960000 -1.046798
0.960000 -1.029793
0.960000 2.654250
0.960000 3.936962
0.960000 6.032720
0.960000 6.050281
0.960000 6.252641
0.960000 8.266675
0.960000 10.762442
0.960000 12.319620
0.960000 12.787464
0.960000 12.801614
0.960000 16.924238
0.960000 17.129463

0.980000 -9.498714
0.980000 -2.833357
0.980000 -1.101035
0.980000 -1.084197
0.980000 2.595833
0.980000 3.890014
0.980000 6.180317
0.980000 6.198064
0.980000 6.361545
0.980000 8.338475
0.980000 10.969784
0.980000 12.423386
0.980000 12.897886
0.980000 12.911924
0.980000 16.688466
0.980000 16.889755

1.000000 -9.448480
1.000000 -2.963144
1.000000 -1.153996
1.000000 -1.137321
1.000000 2.539399
1.000000 3.829686
1.000000 6.330365
1.000000 6.348306
1.000000 6.488391
1.000000 8.413224
1.000000 11.180555
1.000000 12.532704
1.000000 13.010910
1.000000 13.024842
1.000000 16.456593
1.000000 16.655152

1.020000 -9.396842
1.020000 -3.091376
1.020000 -1.205562
1.020000 -1.189043
1.020000 2.485122
1.020000 3.759471
1.020000 6.482724
1.020000 6.500889
1.020000 6.629731
1.020000 8.490900
1.020000 11.394408
1.020000 12.647551
1.020000 13.125624
1.020000 13.139464
1.020000 16.229003
1.020000 16.426544

1.040000 -9.343907
1.040000 -3.217918
1.040000 -1.255620
1.040000 -1.239252
1.040000 2.433148
1.040000 3.682322
1.040000 6.637267
1.040000 6.655696
1.040000 6.782660
1.040000 8.571477
1.040000 11.610931
1.040000 12.767910
1.040000 13.240696
1.040000 13.254471
1.040000 16.006203
1.040000 16.205224

1.060000 -9.289795
1.060000 -3.342627
1.060000 -1.304072
1.060000 -1.287850
1.060000 2.383602
1.060000 3.600624
1.060000 6.793880
1.060000 6.812608
1.060000 6.944852
1.060000 8.654927
1.060000 11.829608
1.060000 12.893761
1.060000 13.354129
1.060000 13.367892
1.060000 15.788839
1.060000 15.993121

1.080000 -9.234638
1.080000 -3.465349
1.080000 -1.350827
1.080000 -1.334747
1.080000 2.336589
1.080000 3.516253
1.080000 6.952459
1.080000 6.971505
1.080000 7.114489
1.080000 8.741216
1.080000 12.049755
1.080000 13.025080
1.080000 13.462859
1.080000 13.476714
1.080000 15.577649
1.080000 15.793184

1.100000 -9.178586
1.100000 -3.585919
1.100000 -1.395805
1.100000 -1.379861
1.100000 2.292200
1.100000 3.430671
1.100000 7.112911
1.100000 7.132281
1.100000 7.290159
1.100000 8.830301
1.100000 12.270424
1.100000 13.161836
1.100000 13.562126
1.100000 13.576282
1.100000 15.373272
1.100000 15.609967

1.120000 -9.121803
1.120000 -3.704153
1.120000 -1.438932
1.120000 -1.423120
1.120000 2.250512
1.120000 3.345020
1.120000 7.275150
1.120000 7.294841
1.120000 7.470761
1.120000 8.922135
1.120000 12.490227
1.120000 13.303990
1.120000 13.644633
1.120000 13.659493
1.120000 15.175751
1.120000 15.450402

1.140000 -9.064475
1.140000 -3.819852
1.140000 -1.480142
1.140000 -1.464458
1.140000 2.211592
1.140000 3.260193
1.140000 7.439100
1.140000 7.459105
1.140000 7.655431
1.140000 9.016660
1.140000 12.707029
1.140000 13.451494
1.140000 13.699945
1.140000 13.716244
1.140000 14.983858
1.140000 15.324245

1.160000 -9.006808
1.160000 -3.932794
1.160000 -1.519375
1.160000 -1.503815
1.160000 2.175493
1.160000 3.176898
1.160000 7.604690
1.160000 7.624999
1.160000 7.843484
1.160000 9.113804
1.160000 12.917377
1.160000 13.604291
1.160000 13.715752
1.160000 13.734654
1.160000 14.795128
1.160000 15.242469

1.180000 -8.949032
1.180000 -4.042735
1.180000 -1.556577
1.180000 -1.541137
1.180000 2.142259
1.180000 3.095701
1.180000 7.771854
1.180000 7.792458
1.180000 8.034376
1.180000 9.213482
1.180000 13.115384
1.180000 13.682937
1.180000 13.705591
1.180000 13.762721
1.180000 14.607312
1.180000 15.210037

1.200000 -8.891406
1.200000 -4.149404
1.200000 -1.591699
1.200000 -1.576375
1.200000 2.111922
1.200000 3.017061
1.200000 7.940530
1.200000 7.961421
1.200000 8.227665
1.200000 9.315588
1.200000 13.290348
1.200000 13.601720
1.200000 13.630642
1.200000 13.926323
1.200000 14.419682
1.200000 15.196179

1.220000 -8.834215
1.220000 -4.252501
1.220000 -1.624697
1.220000 -1.609485
1.220000 2.084501
1.220000 2.941360
1.220000 8.110658
1.220000 8.131828
1.220000 8.422993
1.220000 9.419990
1.220000 13.414168
1.220000 13.481307
1.220000 13.530653
1.220000 14.096134
1.220000 14.232767
1.220000 15.126175

1.240000 -8.777781
1.240000 -4.351695
1.240000 -1.655531
1.240000 -1.640428
1.240000 2.060001
1.240000 2.868921
1.240000 8.282176
1.240000 8.303620
1.240000 8.620066
1.240000 9.526523
1.240000 13.333552
1.240000 13.347651
1.240000 13.536109
1.240000 14.047508
1.240000 14.272845
1.240000 15.080446

1.260000 -8.722456
1.260000 -4.446619
1.260000 -1.684165
1.260000 -1.669168
1.260000 2.038412
1.260000 2.800025
1.260000 8.455018
1.260000 8.476730
1.260000 8.818636
1.260000 9.634973
1.260000 13.168239
1.260000 13.189590
1.260000 13.541853
1.260000 13.864820
1.260000 14.456898
1.260000 15.104675

1.280000 -8.668633
1.280000 -4.536870
1.280000 -1.710566
1.280000 -1.695672
1.280000 2.019705
1.280000 2.734926
1.280000 8.629110
1.280000 8.651086
1.280000 9.018494
1.280000 9.745068
1.280000 12.992108
1.280000 13.015219
1.280000 13.480879
1.280000 13.685496
1.280000 14.647733
1.280000 15.201789

1.300000 -8.616738
1.300000 -4.622010
1.300000 -1.734707
1.300000 -1.719913
1.300000 2.003825
1.300000 2.673865
1.300000 8.804359
1.300000 8.826598
1.300000 9.219461
1.300000 9.856450
1.300000 12.809532
1.300000 12.832732
1.300000 13.366637
1.300000 13.510255
1.300000 14.844183
1.300000 15.356401

1.320000 -8.567237
1.320000 -4.701564
1.320000 -1.756561
1.320000 -1.741863
1.320000 1.990691
1.320000 2.617080
1.320000 8.980648
1.320000 9.003148
1.320000 9.421373
1.320000 9.968642
1.320000 12.623354
1.320000 12.645738
1.320000 13.217616
1.320000 13.339809
1.320000 15.045349
1.320000 15.550070

1.340000 -8.520628
1.340000 -4.775024
1.340000 -1.776105
1.340000 -1.761502
1.340000 1.980185
1.340000 2.564819
1.340000 9.157813
1.340000 9.180577
1.340000 9.624077
1.340000 10.080998
1.340000 12.435504
1.340000 12.456453
1.340000 13.047411
1.340000 13.174955
1.340000 15.250831
1.340000 15.768759

1.360000 -8.477435
1.360000 -4.841855
1.360000 -1.793320
1.360000 -1.778808
1.360000 1.972146
1.360000 2.517353
1.360000 9.335613
1.360000 9.358647
1.360000 9.827416
1.360000 10.192628
1.360000 12.247407
1.360000 12.266424
1.360000 12.864477
1.360000 13.016664
1.360000 15.460472
1.360000 16.002970

1.380000 -8.438201
1.380000 -4.901507
1.380000 -1.808187
1.380000 -1.793764
1.380000 1.966361
1.380000 2.474984
1.380000 9.513677
1.380000 9.536989
1.380000 10.031208
1.380000 10.302290
1.380000 12.060264
1.380000 12.076885
1.380000 12.673913
1.380000 12.866206
1.380000 15.674085
1.380000 16.245852

1.400000 -8.403470
1.400000 -4.953429
1.400000 -1.820691
1.400000 -1.806355
1.400000 1.962557
1.400000 2.438060
1.400000 9.691387
1.400000 9.714991
1.400000 10.235205
1.400000 10.408215
1.400000 11.875325
1.400000 11.889035
1.400000 12.478907
1.400000 12.725305
1.400000 15.891298
1.400000 16.491191

1.420000 -8.373772
1.420000 -4.997084
1.420000 -1.830821
1.420000 -1.816569
1.420000 1.960402
1.420000 2.406974
1.420000 9.867644
1.420000 9.891561
1.420000 10.439013
1.420000 10.507874
1.420000 11.694235
1.420000 11.704374
1.420000 12.281660
1.420000 12.596358
1.420000 16.111401
1.420000 16.730906

1.440000 -8.349595
1.440000 -5.031977
1.440000 -1.838564
1.440000 -1.824395
1.440000 1.959512
1.440000 2.382157
1.440000 10.040300
1.440000 10.064558
1.440000 10.597650
1.440000 10.641853
1.440000 11.519722
1.440000 11.525342
1.440000 12.084058
1.440000 12.482690
1.440000 16.333095
1.440000 16.950303

1.460000 -8.331365
1.460000 -5.057678
1.460000 -1.843913
1.460000 -1.829823
1.460000 1.959482
1.460000 2.364053
1.460000 10.204647
1.460000 10.229286
1.460000 10.672558
1.460000 10.841761
1.460000 11.357003
1.460000 11.357216
1.460000 11.888615
1.460000 12.388770
1.460000 16.553908
1.460000 17.118164

1.480000 -8.319418
1.480000 -5.073849
1.480000 -1.846861
1.480000 -1.832849
1.480000 1.959937
1.480000 2.353063
1.480000 10.348926
1.480000 10.374063
1.480000 10.726749
1.480000 11.030870
1.480000 11.213319
1.480000 11.218953
1.480000 11.701501
1.480000 12.320107
1.480000 16.768449
1.480000 17.182199

1.500000 -8.313978
1.500000 -5.080262
1.500000 -1.847403
1.500000 -1.833468
1.500000 1.960600
1.500000 2.349480
1.500000 10.442712
1.500000 10.468869
1.500000 10.758267
1.500000 11.098600
1.500000 11.131702
1.500000 11.205750
1.500000 11.552206
1.500000 12.282400
1.500000 16.957726
1.500000 17.127095

1.500000 -8.280926
1.500000 -5.005492
1.500000 -1.818101
1.500000 -1.700523
1.500000 2.041629
1.500000 2.452495
1.500000 10.530008
1.500000 10.617919
1.500000 11.007963
1.500000 11.130033
1.500000 11.253396
1.500000 11.422420
1.500000 11.814579
1.500000 12.483836
1.500000 17.010688
1.500000 17.192982

1.520000 -8.283568
1.520000 -5.010143
1.520000 -1.818672
1.520000 -1.732766
1.520000 2.056219
1.520000 2.483345
1.520000 10.341293
1.520000 10.416870
1.520000 10.843899
1.520000 10.881132
1.520000 11.503022
1.520000 11.642368
1.520000 12.019662
1.520000 12.559875
1.520000 16.849212
1.520000 17.103860

1.540000 -8.285673
1.540000 -5.012074
1.540000 -1.815075
1.540000 -1.786920
1.540000 2.083260
1.540000 2.549203
1.540000 10.124810
1.540000 10.175933
1.540000 10.624520
1.540000 10.661345
1.540000 11.756654
1.540000 11.889437
1.540000 12.255264
1.540000 12.686391
1.540000 16.606909
1.540000 17.044738

1.560000 -8.287382
1.560000 -5.011384
1.560000 -1.859265
1.560000 -1.807344
1.560000 2.115880
1.560000 2.653375
1.560000 9.897184
1.560000 9.922115
1.560000 10.368151
1.560000 10.463716
1.560000 12.010128
1.560000 12.147020
1.560000 12.501886
1.560000 12.847253
1.560000 16.348027
1.560000 16.964982

1.580000 -8.288905
1.580000 -5.008193
1.580000 -1.945300
1.580000 -1.795523
1.580000 2.149789
1.580000 2.795852
1.580000 9.665018
1.580000 9.665720
1.580000 10.114135
1.580000 10.256262
1.580000 12.261936
1.580000 12.408954
1.580000 12.752174
1.580000 13.031053
1.580000 16.089602
1.580000 16.844216

1.600000 -8.290513
1.600000 -5.002636
1.600000 -2.040355
1.600000 -1.779666
1.600000 2.183961
1.600000 2.973221
1.600000 9.408767
1.600000 9.433895
1.600000 9.863465
1.600000 10.043451
1.600000 12.510972
1.600000 12.671794
1.600000 13.001636
1.600000 13.230484
1.600000 15.838362
1.600000 16.679663

1.620000 -8.292539
1.620000 -4.994857
1.620000 -2.140006
1.620000 -1.759841
1.620000 2.219030
1.620000 3.180661
1.620000 9.155497
1.620000 9.203577
1.620000 9.616753
1.620000 9.828483
1.620000 12.756336
1.620000 12.932704
1.620000 13.245798
1.620000 13.440841
1.620000 15.599724
1.620000 16.481675

1.640000 -8.295376
1.640000 -4.984989
1.640000 -2.240287
1.640000 -1.736126
1.640000 2.255939
1.640000 3.413469
1.640000 8.906531
1.640000 8.975886
1.640000 9.374446
1.640000 9.613582
1.640000 12.997331
1.640000 13.188167
1.640000 13.478537
1.640000 13.658883
1.640000 15.381139
1.640000 16.263479

1.660000 -8.299472
1.660000 -4.973140
1.660000 -2.337757
1.660000 -1.708612
1.660000 2.295437
1.660000 3.667582
1.660000 8.662854
1.660000 8.751562
1.660000 9.136909
1.660000 9.400323
1.660000 13.233496
1.660000 13.431379
1.660000 13.690834
1.660000 13.882145
1.660000 15.195866
1.660000 16.035237

1.680000 -8.305323
1.680000 -4.959371
1.680000 -2.429503
1.680000 -1.677403
1.680000 2.338004
1.680000 3.939554
1.680000 8.425355
1.680000 8.531127
1.680000 8.904465
1.680000 9.189867
1.680000 13.464623
1.680000 13.641969
1.680000 13.875500
1.680000 14.108569
1.680000 15.068220
1.680000 15.803994

1.700000 -8.313457
1.700000 -4.943665
1.700000 -2.513106
1.700000 -1.642619
1.700000 2.383909
1.700000 4.226347
1.700000 8.195014
1.700000 8.314966
1.700000 8.677416
1.700000 8.983110
1.700000 13.690737
1.700000 13.760737
1.700000 14.053834
1.700000 14.336344
1.700000 15.031270
1.700000 15.575757

1.720000 -8.324422
1.720000 -4.925905
1.720000 -2.586606
1.720000 -1.604392
1.720000 2.433258
1.720000 4.525010
1.720000 7.973123
1.720000 8.103377
1.720000 8.456063
1.720000 8.780772
1.720000 13.743089
1.720000 13.912049
1.720000 14.250162
1.720000 14.563864
1.720000 15.094525
1.720000 15.360755

1.740000 -8.338768
1.740000 -4.905845
1.740000 -2.648483
1.740000 -1.562871
1.740000 2.486038
1.740000 4.832207
1.740000 7.761659
1.740000 7.896587
1.740000 8.240735
1.740000 8.583464
1.740000 13.630286
1.740000 14.128904
1.740000 14.432929
1.740000 14.789758
1.740000 15.134930
1.740000 15.270526

1.750000 -8.347373
1.750000 -4.894837
1.750000 -2.674701
1.750000 -1.540927
1.750000 2.513685
1.750000 4.987655
1.750000 7.660818
1.750000 7.795050
1.750000 8.135449
1.750000 8.486866
1.750000 13.553923
1.750000 14.235791
1.750000 14.499079
1.750000 14.901742
1.750000 15.076832
1.750000 15.345423

1.750000 -8.347373
1.750000 -4.894837
1.750000 -2.674701
1.750000 -1.540927
1.750000 2.513685
1.750000 4.987655
1.750000 7.660818
1.750000 7.795050
1.750000 8.135449
1.750000 8.486866
1.750000 13.553923
1.750000 14.235791
1.750000 14.499079
1.750000 14.901742
1.750000 15.076832
1.750000 15.345423

1.770000 -8.367752
1.770000 -4.870551
1.770000 -2.717197
1.770000 -1.494780
1.770000 2.571390
1.770000 5.298122
1.770000 7.472345
1.770000 7.595781
1.770000 7.929946
1.770000 8.298099
1.770000 13.380239
1.770000 14.446770
1.770000 14.509380
1.770000 15.058951
1.770000 15.123242
1.770000 15.529817

1.790000 -8.392711
1.790000 -4.842723
1.790000 -2.746047
1.790000 -1.445785
1.790000 2.632114
1.790000 5.598177
1.790000 7.310237
1.790000 7.401679
1.790000 7.731897
1.790000 8.115629
1.790000 13.192000
1.790000 14.366442
1.790000 14.654421
1.790000 15.181672
1.790000 15.340971
1.790000 15.720305

1.810000 -8.422589
1.810000 -4.810632
1.810000 -2.761089
1.810000 -1.394152
1.810000 2.695556
1.810000 5.864311
1.810000 7.195641
1.810000 7.212830
1.810000 7.543322
1.810000 7.939918
1.810000 12.997788
1.810000 14.169618
1.810000 14.859223
1.810000 15.337860
1.810000 15.554634
1.810000 15.894379

1.830000 -8.457613
1.830000 -4.773485
1.830000 -2.762469
1.830000 -1.340109
1.830000 2.761338
1.830000 6.049776
1.830000 7.029288
1.830000 7.163801
1.830000 7.375500
1.830000 7.771413
1.830000 12.801821
1.830000 13.957921
1.830000 15.061644
1.830000 15.455836
1.830000 15.764229
1.830000 16.013395

1.850000 -8.497873
1.850000 -4.730470
1.850000 -2.750588
1.850000 -1.283906
1.850000 2.828994
1.850000 6.106612
1.850000 6.851083
1.850000 7.129379
1.850000 7.361591
1.850000 7.610560
1.850000 12.606166
1.850000 13.741322
1.850000 15.262129
1.850000 15.419688
1.850000 15.970007
1.850000 16.054119

1.870000 -8.543322
1.870000 -4.680804
1.870000 -2.726037
1.870000 -1.225811
1.870000 2.897959
1.870000 6.052525
1.870000 6.678223
1.870000 6.980903
1.870000 7.457808
1.870000 7.595302
1.870000 12.411680
1.870000 13.522516
1.870000 15.153030
1.870000 15.461085
1.870000 16.136573
1.870000 16.172406

1.890000 -8.593771
1.890000 -4.623790
1.890000 -2.689542
1.890000 -1.166112
1.890000 2.967557
1.890000 5.941168
1.890000 6.510701
1.890000 6.823725
1.890000 7.313606
1.890000 7.917608
1.890000 12.218371
1.890000 13.301736
1.890000 14.778374
1.890000 15.658864
1.890000 16.262829
1.890000 16.371996

1.910000 -8.648903
1.910000 -4.558844
1.910000 -2.641900
1.910000 -1.105118
1.910000 3.036980
1.910000 5.806165
1.910000 6.348495
1.910000 6.672363
1.910000 7.178404
1.910000 8.280338
1.910000 12.025464
1.910000 13.077955
1.910000 14.380198
1.910000 15.855729
1.910000 16.382097
1.910000 16.569410

1.930000 -8.708292
1.930000 -4.485518
1.930000 -2.583946
1.930000 -1.043156
1.930000 3.105276
1.930000 5.662735
1.930000 6.191573
1.930000 6.529439
1.930000 7.052650
1.930000 8.665538
1.930000 11.831246
1.930000 12.849329
1.930000 13.989053
1.930000 16.051802
1.930000 16.452988
1.930000 16.765286

1.950000 -8.771424
1.950000 -4.403503
1.950000 -2.516516
1.950000 -0.980569
1.950000 3.171332
1.950000 5.517860
1.950000 6.039903
1.950000 6.396203
1.950000 6.936789
1.950000 9.064618
1.950000 11.632717
1.950000 12.613878
1.950000 13.620376
1.950000 16.246963
1.950000 16.422965
1.950000 16.960211

1.970000 -8.837726
1.970000 -4.312620
1.970000 -2.440428
1.970000 -0.917716
1.970000 3.233865
1.970000 5.375069
1.970000 5.893450
1.970000 6.273625
1.970000 6.831253
1.970000 9.472136
1.970000 11.425129
1.970000 12.371224
1.970000 13.285076
1.970000 16.258432
1.970000 16.440629
1.970000 17.154631

1.990000 -8.906586
1.990000 -4.212808
1.990000 -2.356473
1.990000 -0.854968
1.990000 3.291433
1.990000 5.236347
1.990000 5.752184
1.990000 6.162602
1.990000 6.736456
1.990000 9.882929
1.990000 11.201809
1.990000 12.125483
1.990000 12.990819
1.990000 15.991280
1.990000 16.631242
1.990000 17.348677

2.010000 -8.977380
2.010000 -4.104099
2.010000 -2.265412
2.010000 -0.792701
2.010000 3.342467
2.010000 5.102920
2.010000 5.616081
2.010000 6.063967
2.010000 6.652788
2.010000 10.289404
2.010000 10.955351
2.010000 11.886831
2.010000 12.742222
2.010000 15.674203
2.010000 16.814837
2.010000 17.541591

2.030000 -9.049486
2.030000 -3.986604
2.030000 -2.167978
2.030000 -0.731295
2.030000 3.385343
2.030000 4.975617
2.030000 5.485127
2.030000 5.978416
2.030000 6.580606
2.030000 10.667329
2.030000 10.689584
2.030000 11.668700
2.030000 12.545904
2.030000 15.340039
2.030000 16.980398
2.030000 17.728859

2.050000 -9.122302
2.050000 -3.860492
2.050000 -2.064885
2.050000 -0.671128
2.050000 3.418496
2.050000 4.855025
2.050000 5.359316
2.050000 5.906360
2.050000 6.520226
2.050000 10.379083
2.050000 11.001841
2.050000 11.487709
2.050000 12.424927
2.050000 15.005777
2.050000 17.092615
2.050000 17.875189

2.070000 -9.195256
2.070000 -3.725976
2.070000 -1.956833
2.070000 -0.612566
2.070000 3.440584
2.070000 4.741572
2.070000 5.238655
2.070000 5.847715
2.070000 6.471914
2.070000 10.058135
2.070000 11.140534
2.070000 11.400766
2.070000 12.439188
2.070000 14.681646
2.070000 17.055232
2.070000 17.868011

2.090000 -9.267809
2.090000 -3.583300
2.090000 -1.844519
2.090000 -0.555957
2.090000 3.450655
2.090000 4.635558
2.090000 5.123156
2.090000 5.801656
2.090000 6.435876
2.090000 9.726628
2.090000 11.048528
2.090000 11.388901
2.090000 12.639007
2.090000 14.377114
2.090000 16.817010
2.090000 17.932897

2.110000 -9.339464
2.110000 -3.432735
2.110000 -1.728649
2.110000 -0.501625
2.110000 3.448295
2.110000 4.537170
2.110000 5.012843
2.110000 5.766350
2.110000 6.412247
2.110000 9.393337
2.110000 10.906836
2.110000 11.314762
2.110000 12.958502
2.110000 14.110354
2.110000 16.481638
2.110000 18.089714

2.130000 -9.409766
2.130000 -3.274569
2.130000 -1.609946
2.130000 -0.449862
2.130000 3.433684
2.130000 4.446488
2.130000 4.907744
2.130000 5.738734
2.130000 6.401081
2.130000 9.065870
2.130000 10.755248
2.130000 11.206146
2.130000 13.253460
2.130000 13.954993
2.130000 16.117946
2.130000 18.282908

2.150000 -9.478297
2.150000 -3.109110
2.150000 -1.489159
2.150000 -0.400919
2.150000 3.407546
2.150000 4.363509
2.150000 4.807893
2.150000 5.714344
2.150000 6.402339
2.150000 8.751137
2.150000 10.593525
2.150000 11.094716
2.150000 13.280181
2.150000 14.121496
2.150000 15.748396
2.150000 18.175409

2.170000 -9.544684
2.170000 -2.936685
2.170000 -1.367077
2.170000 -0.355002
2.170000 3.370979
2.170000 4.288170
2.170000 4.713326
2.170000 5.687261
2.170000 6.415872
2.170000 8.455999
2.170000 10.418564
2.170000 10.995658
2.170000 13.109784
2.170000 14.525797
2.170000 15.381107
2.170000 17.837715

2.190000 -9.608588
2.190000 -2.757646
2.190000 -1.244529
2.190000 -0.312268
2.190000 3.325227
2.190000 4.220388
2.190000 4.624083
2.190000 5.650252
2.190000 6.441414
2.190000 8.187682
2.190000 10.229771
2.190000 10.915044
2.190000 12.908450
2.190000 14.996056
2.190000 15.019775
2.190000 17.479391

2.210000 -9.669707
2.210000 -2.572376
2.210000 -1.122397
2.210000 -0.272822
2.210000 3.271448
2.210000 4.160089
2.210000 4.540203
2.210000 5.595389
2.210000 6.478558
2.210000 7.953630
2.210000 10.029157
2.210000 10.854285
2.210000 12.713368
2.210000 14.666501
2.210000 15.491959
2.210000 17.117125

2.230000 -9.727772
2.230000 -2.381305
2.230000 -1.001616
2.230000 -0.236716
2.230000 3.210513
2.230000 4.107226
2.230000 4.461725
2.230000 5.515491
2.230000 6.526747
2.230000 7.760422
2.230000 9.819996
2.230000 10.813018
2.230000 12.532885
2.230000 14.322764
2.230000 16.002849
2.230000 16.757529

2.250000 -9.782543
2.250000 -2.184922
2.250000 -0.883175
2.250000 -0.203952
2.250000 3.142867
2.250000 4.061778
2.250000 4.388687
2.250000 5.406352
2.250000 6.585248
2.250000 7.611814
2.250000 9.605860
2.250000 10.790552
2.250000 12.369103
2.250000 13.989809
2.250000 16.402688
2.250000 16.525724

2.270000 -9.833808
2.270000 -1.983803
2.270000 -0.768112
2.270000 -0.174487
2.270000 3.068444
2.270000 4.023718
2.270000 4.321125
2.270000 5.268718
2.270000 6.653127
2.270000 7.506981
2.270000 9.390255
2.270000 10.786320
2.270000 12.222161
2.270000 13.668843
2.270000 16.057355
2.270000 17.055665

2.290000 -9.881380
2.290000 -1.778649
2.290000 -0.657508
2.290000 -0.148238
2.290000 2.986646
2.290000 3.992982
2.290000 4.259073
2.290000 5.108465
2.290000 6.729224
2.290000 7.440485
2.290000 9.176553
2.290000 10.799873
2.290000 12.091445
2.290000 13.361152
2.290000 15.720534
2.290000 17.593782

2.310000 -9.925096
2.310000 -1.570331
2.310000 -0.552467
2.310000 -0.125085
2.310000 2.896408
2.310000 3.969410
2.310000 4.202563
2.310000 4.934795
2.310000 6.812111
2.310000 7.404167
2.310000 8.968000
2.310000 10.830742
2.310000 11.976059
2.310000 13.068191
2.310000 15.394215
2.310000 18.138363

2.330000 -9.964812
2.330000 -1.359981
2.330000 -0.454099
2.330000 -0.104890
2.330000 2.796394
2.330000 3.952692
2.330000 4.151623
2.330000 4.757866
2.330000 6.900048
2.330000 7.389479
2.330000 8.767756
2.330000 10.878249
2.330000 11.875041
2.330000 12.791658
2.330000 15.079823
2.330000 18.688399

2.350000 -10.000404
2.350000 -1.149104
2.350000 -0.363491
2.350000 -0.087493
2.350000 2.685399
2.350000 3.942318
2.350000 4.106279
2.350000 4.587085
2.350000 6.990931
2.350000 7.388978
2.350000 8.578921
2.350000 10.941310
2.350000 11.787476
2.350000 12.533569
2.350000 14.779032
2.350000 19.242773

2.370000 -10.031767
2.370000 -0.939778
2.370000 -0.281682
2.370000 -0.072731
2.370000 2.563010
2.370000 3.937530
2.370000 4.066553
2.370000 4.430188
2.370000 7.082246
2.370000 7.396830
2.370000 8.404567
2.370000 11.018198
2.370000 11.712547
2.370000 12.296328
2.370000 14.493987
2.370000 19.800049

2.390000 -10.058809
2.390000 -0.734965
2.390000 -0.209623
2.390000 -0.060439
2.390000 2.430463
2.390000 3.937305
2.390000 4.032466
2.390000 4.292779
2.390000 7.171025
2.390000 7.408736
2.390000 8.247737
2.390000 11.106246
2.390000 11.649557
2.390000 12.082777
2.390000 14.227597
2.390000 20.358169

2.410000 -10.081454
2.410000 -0.539011
2.410000 -0.148148
2.410000 -0.050464
2.410000 2.291549
2.410000 3.940366
2.410000 4.004034
2.410000 4.178201
2.410000 7.253853
2.410000 7.421661
2.410000 8.111418
2.410000 11.201426
2.410000 11.597940
2.410000 11.896204
2.410000 13.983967
2.410000 20.913910

2.430000 -10.099643
2.430000 -0.358433
2.430000 -0.097915
2.430000 -0.042666
2.430000 2.153393
2.430000 3.945223
2.430000 3.981272
2.430000 4.087803
2.430000 7.326955
2.430000 7.433543
2.430000 7.998457
2.430000 11.297760
2.430000 11.557271
2.430000 11.740267
2.430000 13.769005
2.430000 21.461755

2.450000 -10.113325
2.450000 -0.203033
2.450000 -0.059249
2.450000 -0.036927
2.450000 2.027054
2.450000 3.950169
2.450000 3.964191
2.450000 4.021650
2.450000 7.386411
2.450000 7.443077
2.450000 7.911401
2.450000 11.386586
2.450000 11.527346
2.450000 11.618781
2.450000 13.591108
2.450000 21.991120

2.470000 -10.122467
2.470000 -0.087552
2.470000 -0.033154
2.470000 -0.031096
2.470000 1.927550
2.470000 3.952640
2.470000 3.952799
2.470000 3.980077
2.470000 7.428541
2.470000 7.449566
2.470000 7.852283
2.470000 11.455751
2.470000 11.508788
2.470000 11.535346
2.470000 13.461413
2.470000 22.477354

2.490000 -10.127043
2.490000 -0.035277
2.490000 -0.031284
2.490000 -0.005794
2.490000 1.871698
2.490000 3.947102
2.490000 3.947940
2.490000 3.965798
2.490000 7.450422
2.490000 7.452797
2.490000 7.822427
2.490000 11.486157
2.490000 11.492826
2.490000 11.508133
2.490000 13.392193
2.490000 22.672984

2.500000 -10.127615
2.500000 -0.031051
2.500000 -0.031051
2.500000 0.000000
2.500000 1.864377
2.500000 3.946389
2.500000 3.946389
2.500000 3.965004
2.500000 7.453198
2.500000 7.453198
2.500000 7.818682
2.500000 11.487472
2.500000 11.487472
2.500000 11.510782
2.500000 13.383299
2.500000 22.690647

0.000000 0.250000 0.500000 1.000000 1.500000 1.625000 1.750000 2.125000 2.500000 
L


[-1,-1,-1]
\Gamma


[1,0,0]
X


[-1,-1,0]
K


[-1,-1,0]
\Gamma
