130 16
0.000000 -10.038121
0.000000 -5.277695
0.000000 -0.786106
0.000000 -0.786106
0.000000 1.984309
0.000000 5.070452
0.000000 5.070452
0.000000 8.808863
0.000000 11.156598
0.000000 11.192394
0.000000 11.192394
0.000000 12.418054
0.000000 12.763036
0.000000 12.763036
0.000000 19.283656
0.000000 20.016117

0.020000 -10.048331
0.020000 -5.260371
0.020000 -0.785757
0.020000 -0.785757
0.020000 1.986235
0.020000 5.070734
0.020000 5.070734
0.020000 8.812393
0.020000 10.920996
0.020000 11.015343
0.020000 11.015343
0.020000 12.654809
0.020000 12.951092
0.020000 12.951092
0.020000 18.662601
0.020000 20.644318

0.040000 -10.072842
0.040000 -5.212123
0.040000 -0.780566
0.040000 -0.780566
0.040000 1.995288
0.040000 5.076889
0.040000 5.076889
0.040000 8.824302
0.040000 10.567560
0.040000 10.745820
0.040000 10.745820
0.040000 13.027367
0.040000 13.258572
0.040000 13.258572
0.040000 18.037396
0.040000 20.892267

0.060000 -10.110615
0.060000 -5.134036
0.060000 -0.770592
0.060000 -0.770592
0.060000 2.011391
0.060000 5.088483
0.060000 5.088483
0.060000 8.841374
0.060000 10.183744
0.060000 10.441806
0.060000 10.441806
0.060000 13.449162
0.060000 13.627721
0.060000 13.627721
0.060000 17.427037
0.060000 20.354461

0.080000 -10.160117
0.080000 -5.027720
0.080000 -0.755917
0.080000 -0.755917
0.080000 2.034416
0.080000 5.104825
0.080000 5.104825
0.080000 8.854110
0.080000 9.805745
0.080000 10.130004
0.080000 10.130004
0.080000 13.887663
0.080000 14.032139
0.080000 14.032139
0.080000 16.839928
0.080000 19.826776

0.100000 -10.219491
0.100000 -4.895132
0.100000 -0.736654
0.100000 -0.736654
0.100000 2.064171
0.100000 5.124932
0.100000 5.124932
0.100000 8.829521
0.100000 9.475923
0.100000 9.822882
0.100000 9.822882
0.100000 14.315772
0.100000 14.459613
0.100000 14.459613
0.100000 16.294906
0.100000 19.311682

0.120000 -10.286740
0.120000 -4.738406
0.120000 -0.712949
0.120000 -0.712949
0.120000 2.100387
0.120000 5.147482
0.120000 5.147482
0.120000 8.677304
0.120000 9.288381
0.120000 9.527314
0.120000 9.527314
0.120000 14.656070
0.120000 14.903141
0.120000 14.903141
0.120000 15.866358
0.120000 18.811500

0.140000 -10.359863
0.140000 -4.559707
0.140000 -0.684980
0.140000 -0.684980
0.140000 2.142690
0.140000 5.170769
0.140000 5.170769
0.140000 8.375769
0.140000 9.247964
0.140000 9.247964
0.140000 9.266415
0.140000 14.649339
0.140000 15.356504
0.140000 15.356504
0.140000 15.812532
0.140000 18.330078

0.160000 -10.436963
0.160000 -4.361138
0.160000 -0.652970
0.160000 -0.652970
0.160000 2.190568
0.160000 5.192659
0.160000 5.192659
0.160000 8.017776
0.160000 8.988667
0.160000 8.988667
0.160000 9.317686
0.160000 14.272817
0.160000 15.808964
0.160000 15.808964
0.160000 16.156193
0.160000 17.876923

0.180000 -10.516305
0.180000 -4.144677
0.180000 -0.617185
0.180000 -0.617185
0.180000 2.243319
0.180000 5.210579
0.180000 5.210579
0.180000 7.646984
0.180000 8.753023
0.180000 8.753023
0.180000 9.398327
0.180000 13.799276
0.180000 16.225034
0.180000 16.225034
0.180000 16.625014
0.180000 17.486928

0.200000 -10.596350
0.200000 -3.912159
0.200000 -0.577947
0.200000 -0.577947
0.200000 2.299979
0.200000 5.221590
0.200000 5.221590
0.200000 7.276508
0.200000 8.544605
0.200000 8.544605
0.200000 9.494273
0.200000 13.315945
0.200000 16.437540
0.200000 16.437540
0.200000 17.131916
0.200000 17.327069

0.220000 -10.675751
0.220000 -3.665278
0.220000 -0.535638
0.220000 -0.535638
0.220000 2.359209
0.220000 5.222591
0.220000 5.222591
0.220000 6.911611
0.220000 8.366887
0.220000 8.366887
0.220000 9.598204
0.220000 12.846552
0.220000 16.239231
0.220000 16.239231
0.220000 17.604680
0.220000 17.604680

0.240000 -10.753352
0.240000 -3.405607
0.240000 -0.490709
0.240000 -0.490709
0.240000 2.419138
0.240000 5.210705
0.240000 5.210705
0.240000 6.555520
0.240000 8.222924
0.240000 8.222924
0.240000 9.702775
0.240000 12.403967
0.240000 15.880304
0.240000 15.880304
0.240000 18.069883
0.240000 18.069883

0.260000 -10.828167
0.260000 -3.134633
0.260000 -0.443689
0.260000 -0.443689
0.260000 2.477126
0.260000 5.183834
0.260000 5.183834
0.260000 6.211212
0.260000 8.114820
0.260000 8.114820
0.260000 9.796700
0.260000 12.002268
0.260000 15.496524
0.260000 15.496524
0.260000 18.234342
0.260000 18.587445

0.280000 -10.899360
0.280000 -2.853794
0.280000 -0.395192
0.280000 -0.395192
0.280000 2.529429
0.280000 5.141239
0.280000 5.141239
0.280000 5.882261
0.280000 8.043147
0.280000 8.043147
0.280000 9.859846
0.280000 11.663540
0.280000 15.116405
0.280000 15.116405
0.280000 17.858787
0.280000 19.129619

0.300000 -10.966230
0.300000 -2.564536
0.300000 -0.345927
0.300000 -0.345927
0.300000 2.570765
0.300000 5.083894
0.300000 5.083894
0.300000 5.573475
0.300000 8.006565
0.300000 8.006565
0.300000 9.859388
0.300000 11.422317
0.300000 14.748807
0.300000 14.748807
0.300000 17.421391
0.300000 19.688559

0.320000 -11.028184
0.320000 -2.268375
0.320000 -0.296697
0.320000 -0.296697
0.320000 2.593875
0.320000 5.014438
0.320000 5.014438
0.320000 5.291427
0.320000 8.001822
0.320000 8.001822
0.320000 9.763419
0.320000 11.312183
0.320000 14.398142
0.320000 14.398142
0.320000 16.984257
0.320000 20.261170

0.340000 -11.084731
0.340000 -1.967001
0.340000 -0.248406
0.340000 -0.248406
0.340000 2.589460
0.340000 4.936730
0.340000 4.936730
0.340000 5.044581
0.340000 8.024122
0.340000 8.024122
0.340000 9.576938
0.340000 11.329879
0.340000 14.067663
0.340000 14.067663
0.340000 16.557423
0.340000 20.845855

0.360000 -11.135461
0.360000 -1.662415
0.360000 -0.202044
0.360000 -0.202044
0.360000 2.547317
0.360000 4.842218
0.360000 4.855239
0.360000 4.855239
0.360000 8.067652
0.360000 8.067652
0.360000 9.339670
0.360000 11.437487
0.360000 13.760478
0.360000 13.760478
0.360000 16.144503
0.360000 21.441548

0.380000 -11.180036
0.380000 -1.357188
0.380000 -0.158677
0.380000 -0.158677
0.380000 2.459575
0.380000 4.691372
0.380000 4.774487
0.380000 4.774487
0.380000 8.126020
0.380000 8.126020
0.380000 9.089342
0.380000 11.599057
0.380000 13.479987
0.380000 13.479987
0.380000 15.748012
0.380000 22.047282

0.400000 -11.218180
0.400000 -1.054909
0.400000 -0.119415
0.400000 -0.119415
0.400000 2.325191
0.400000 4.592703
0.400000 4.698676
0.400000 4.698676
0.400000 8.192532
0.400000 8.192532
0.400000 8.849908
0.400000 11.792059
0.400000 13.230088
0.400000 13.230088
0.400000 15.370849
0.400000 22.661859

0.420000 -11.249671
0.420000 -0.761081
0.420000 -0.085367
0.420000 -0.085367
0.420000 2.152528
0.420000 4.538784
0.420000 4.631488
0.420000 4.631488
0.420000 8.260343
0.420000 8.260343
0.420000 8.636255
0.420000 12.001860
0.420000 13.015258
0.420000 13.015258
0.420000 15.017467
0.420000 23.283313

0.440000 -11.274336
0.440000 -0.484978
0.440000 -0.057586
0.440000 -0.057586
0.440000 1.958675
0.440000 4.516746
0.440000 4.575990
0.440000 4.575990
0.440000 8.322623
0.440000 8.322623
0.440000 8.458796
0.440000 12.215200
0.440000 12.840451
0.440000 12.840451
0.440000 14.695818
0.440000 23.907561

0.460000 -11.292044
0.460000 -0.243466
0.460000 -0.036998
0.460000 -0.036998
0.460000 1.769132
0.460000 4.512759
0.460000 4.534598
0.460000 4.534598
0.460000 8.325597
0.460000 8.372892
0.460000 8.372892
0.460000 12.413776
0.460000 12.710750
0.460000 12.710750
0.460000 14.421349
0.460000 24.523717

0.480000 -11.302704
0.480000 -0.067173
0.480000 -0.024332
0.480000 -0.024332
0.480000 1.621311
0.480000 4.509058
0.480000 4.509058
0.480000 4.515336
0.480000 8.242911
0.480000 8.405613
0.480000 8.405613
0.480000 12.566119
0.480000 12.630739
0.480000 12.630739
0.480000 14.223982
0.480000 25.091485

0.500000 -11.306263
0.500000 -0.020056
0.500000 -0.020056
0.500000 -0.000000
0.500000 1.563184
0.500000 4.500426
0.500000 4.500426
0.500000 4.517049
0.500000 8.214863
0.500000 8.416976
0.500000 8.416976
0.500000 12.603673
0.500000 12.603673
0.500000 12.626007
0.500000 14.149163
0.500000 25.162733

0.500000 -11.306263
0.500000 -0.020056
0.500000 -0.020056
0.500000 -0.000000
0.500000 1.563184
0.500000 4.500426
0.500000 4.500426
0.500000 4.517049
0.500000 8.214863
0.500000 8.416976
0.500000 8.416976
0.500000 12.603673
0.500000 12.603673
0.500000 12.626007
0.500000 14.149163
0.500000 25.162733

0.520000 -11.305077
0.520000 -0.035994
0.520000 -0.023392
0.520000 -0.006585
0.520000 1.583219
0.520000 4.496945
0.520000 4.505985
0.520000 4.520109
0.520000 8.224201
0.520000 8.407691
0.520000 8.418656
0.520000 12.598375
0.520000 12.606435
0.520000 12.626069
0.520000 14.174683
0.520000 25.066945

0.540000 -11.301520
0.540000 -0.088688
0.540000 -0.033341
0.540000 -0.018696
0.540000 1.640603
0.540000 4.481061
0.540000 4.522604
0.540000 4.534866
0.540000 8.251729
0.540000 8.380384
0.540000 8.423696
0.540000 12.579151
0.540000 12.614721
0.540000 12.631658
0.540000 14.248936
0.540000 24.840248

0.560000 -11.295596
0.560000 -0.171988
0.560000 -0.049739
0.560000 -0.035771
0.560000 1.728728
0.560000 4.452660
0.560000 4.550114
0.560000 4.561825
0.560000 8.292481
0.560000 8.340197
0.560000 8.432095
0.560000 12.549417
0.560000 12.628531
0.560000 12.644427
0.560000 14.366176
0.560000 24.560333

0.580000 -11.287310
0.580000 -0.277363
0.580000 -0.072319
0.580000 -0.058650
0.580000 1.840068
0.580000 4.413525
0.580000 4.588244
0.580000 4.599788
0.580000 8.265552
0.580000 8.368354
0.580000 8.443853
0.580000 12.516024
0.580000 12.647865
0.580000 12.663323
0.580000 14.519527
0.580000 24.260577

0.600000 -11.276673
0.600000 -0.398196
0.600000 -0.100730
0.600000 -0.087244
0.600000 1.968121
0.600000 4.364979
0.600000 4.636635
0.600000 4.648152
0.600000 8.189607
0.600000 8.446665
0.600000 8.458967
0.600000 12.484267
0.600000 12.672723
0.600000 12.687956
0.600000 14.702684
0.600000 23.953103

0.620000 -11.263693
0.620000 -0.529652
0.620000 -0.134553
0.620000 -0.121208
0.620000 2.107921
0.620000 4.308292
0.620000 4.694856
0.620000 4.706413
0.620000 8.098797
0.620000 8.477437
0.620000 8.541624
0.620000 12.457755
0.620000 12.703103
0.620000 12.718200
0.620000 14.910523
0.620000 23.642886

0.640000 -11.248387
0.640000 -0.668338
0.640000 -0.173319
0.640000 -0.160098
0.640000 2.255831
0.640000 4.244735
0.640000 4.762428
0.640000 4.774063
0.640000 7.996350
0.640000 8.499260
0.640000 8.650806
0.640000 12.438720
0.640000 12.739005
0.640000 12.754008
0.640000 15.139082
0.640000 23.332274

0.660000 -11.230770
0.660000 -0.811902
0.660000 -0.216528
0.660000 -0.203426
0.660000 2.409158
0.660000 4.175540
0.660000 4.838837
0.660000 4.850576
0.660000 7.884622
0.660000 8.524433
0.660000 8.772814
0.660000 12.428387
0.660000 12.780424
0.660000 12.795354
0.660000 15.385329
0.660000 23.022507

0.680000 -11.210861
0.680000 -0.958706
0.680000 -0.263667
0.680000 -0.250681
0.680000 2.565807
0.680000 4.101882
0.680000 4.923554
0.680000 4.935414
0.680000 7.765895
0.680000 8.552953
0.680000 8.906458
0.680000 12.427305
0.680000 12.827357
0.680000 12.842225
0.680000 15.646927
0.680000 22.714301

0.700000 -11.188684
0.700000 -1.107592
0.700000 -0.314222
0.700000 -0.301351
0.700000 2.724018
0.700000 4.024864
0.700000 5.016048
0.700000 5.028043
0.700000 7.642444
0.700000 8.584816
0.700000 9.050680
0.700000 12.435595
0.700000 12.879795
0.700000 12.894607
0.700000 15.922040
0.700000 22.408101

0.720000 -11.164263
0.720000 -1.257725
0.720000 -0.367692
0.720000 -0.354936
0.720000 2.882150
0.720000 3.945542
0.720000 5.115798
0.720000 5.127938
0.720000 7.516552
0.720000 8.620018
0.720000 9.204539
0.720000 12.453128
0.720000 12.937729
0.720000 12.952487
0.720000 16.209205
0.720000 22.104201

0.740000 -11.137628
0.740000 -1.408491
0.740000 -0.423594
0.740000 -0.410952
0.740000 3.038446
0.740000 3.865015
0.740000 5.222302
0.740000 5.234596
0.740000 7.390536
0.740000 8.658553
0.740000 9.367205
0.740000 12.479641
0.740000 13.001141
0.740000 13.015848
0.740000 16.507230
0.740000 21.802809

0.760000 -11.108811
0.760000 -1.559428
0.760000 -0.481472
0.760000 -0.468945
0.760000 3.190645
0.760000 3.784705
0.760000 5.335083
0.760000 5.347538
0.760000 7.266787
0.760000 8.700417
0.760000 9.537954
0.760000 12.514814
0.760000 13.070013
0.760000 13.084666
0.760000 16.815125
0.760000 21.504080

0.780000 -11.077848
0.780000 -1.710179
0.780000 -0.540899
0.780000 -0.528485
0.780000 3.334641
0.780000 3.707606
0.780000 5.453691
0.780000 5.466312
0.780000 7.147833
0.780000 8.745603
0.780000 9.716151
0.780000 12.558313
0.780000 13.144313
0.780000 13.158913
0.780000 17.132050
0.780000 21.208139

0.800000 -11.044779
0.800000 -1.860463
0.800000 -0.601480
0.800000 -0.589179
0.800000 3.455515
0.800000 3.647161
0.800000 5.577709
0.800000 5.590499
0.800000 7.036417
0.800000 8.794102
0.800000 9.901243
0.800000 12.609822
0.800000 13.224004
0.800000 13.238549
0.800000 17.457262
0.800000 20.915094

0.820000 -11.009650
0.820000 -2.010053
0.820000 -0.662851
0.820000 -0.650659
0.820000 3.482225
0.820000 3.672508
0.820000 5.706749
0.820000 5.719711
0.820000 6.935561
0.820000 8.845908
0.820000 10.092742
0.820000 12.669051
0.820000 13.309034
0.820000 13.323523
0.820000 17.790072
0.820000 20.625049

0.840000 -10.972509
0.840000 -2.158760
0.840000 -0.724677
0.840000 -0.712594
0.840000 3.422499
0.840000 3.773555
0.840000 5.840452
0.840000 5.853588
0.840000 6.848607
0.840000 8.901011
0.840000 10.290223
0.840000 12.735749
0.840000 13.399336
0.840000 13.413766
0.840000 18.129763
0.840000 20.338107

0.860000 -10.933410
0.860000 -2.306422
0.860000 -0.786655
0.860000 -0.774678
0.860000 3.347922
0.860000 3.875948
0.860000 5.978493
0.860000 5.991802
0.860000 6.779179
0.860000 8.959399
0.860000 10.493301
0.860000 12.809699
0.860000 13.494819
0.860000 13.509189
0.860000 18.475413
0.860000 20.054382

0.880000 -10.892413
0.880000 -2.452896
0.880000 -0.848509
0.880000 -0.836635
0.880000 3.271258
0.880000 3.963949
0.880000 6.120570
0.880000 6.134051
0.880000 6.730993
0.880000 9.021061
0.880000 10.701634
0.880000 12.890725
0.880000 13.595367
0.880000 13.609675
0.880000 18.825334
0.880000 19.774003

0.900000 -10.849585
0.900000 -2.598052
0.900000 -0.909987
0.900000 -0.898215
0.900000 3.195076
0.900000 4.032203
0.900000 6.266412
0.900000 6.280059
0.900000 6.707477
0.900000 9.085984
0.900000 10.914903
0.900000 12.978684
0.900000 13.700822
0.900000 13.715067
0.900000 19.173999
0.900000 19.497128

0.920000 -10.804997
0.920000 -2.741768
0.920000 -0.970863
0.920000 -0.959191
0.920000 3.120302
0.920000 4.077753
0.920000 6.415769
0.920000 6.429568
0.920000 6.711221
0.920000 9.154151
0.920000 11.132807
0.920000 13.073465
0.920000 13.810980
0.920000 13.825160
0.920000 19.223950
0.920000 19.306894

0.940000 -10.758729
0.940000 -2.883925
0.940000 -1.030933
0.940000 -1.019357
0.940000 3.047417
0.940000 4.099395
0.940000 6.568414
0.940000 6.582329
0.940000 6.743449
0.940000 9.225545
0.940000 11.355057
0.940000 13.174989
0.940000 13.925562
0.940000 13.939677
0.940000 18.954720
0.940000 19.037825

0.960000 -10.710869
0.960000 -3.024407
0.960000 -1.090010
0.960000 -1.078529
0.960000 2.976728
0.960000 4.097692
0.960000 6.724144
0.960000 6.738003
0.960000 6.803832
0.960000 9.300145
0.960000 11.581356
0.960000 13.283205
0.960000 14.044194
0.960000 14.058243
0.960000 18.689766
0.960000 18.769924

0.980000 -10.661513
0.980000 -3.163093
0.980000 -1.147928
0.980000 -1.136539
0.980000 2.908463
0.980000 4.074739
0.980000 6.882772
0.980000 6.886963
0.980000 6.899840
0.980000 9.377929
0.980000 11.811394
0.980000 13.398090
0.980000 14.166360
0.980000 14.180344
0.980000 18.429527
0.980000 18.506671

1.000000 -10.610766
1.000000 -3.299861
1.000000 -1.204535
1.000000 -1.193236
1.000000 2.842802
1.000000 4.033631
1.000000 6.998325
1.000000 7.044131
1.000000 7.059219
1.000000 9.458870
1.000000 12.044830
1.000000 13.519649
1.000000 14.291335
1.000000 14.305259
1.000000 18.174609
1.000000 18.248957

1.020000 -10.558746
1.020000 -3.434579
1.020000 -1.259695
1.020000 -1.248483
1.020000 2.779894
1.020000 3.977844
1.020000 7.127354
1.020000 7.208069
1.020000 7.223182
1.020000 9.542936
1.020000 12.281267
1.020000 13.647916
1.020000 14.418086
1.020000 14.431957
1.020000 17.925855
1.020000 17.997767

1.040000 -10.505580
1.040000 -3.567108
1.040000 -1.313283
1.040000 -1.302156
1.040000 2.719867
1.040000 3.910759
1.040000 7.272659
1.040000 7.374448
1.040000 7.389699
1.040000 9.630093
1.040000 12.520228
1.040000 13.782956
1.040000 14.545097
1.040000 14.558933
1.040000 17.684469
1.040000 17.754465

1.060000 -10.451409
1.060000 -3.697298
1.060000 -1.365189
1.060000 -1.354145
1.060000 2.662832
1.060000 3.835381
1.060000 7.431393
1.060000 7.543147
1.060000 7.558568
1.060000 9.720297
1.060000 12.761102
1.060000 13.924873
1.060000 14.670099
1.060000 14.683931
1.060000 17.452171
1.060000 17.521031

1.080000 -10.396389
1.080000 -3.824987
1.080000 -1.415310
1.080000 -1.404348
1.080000 2.608888
1.080000 3.754241
1.080000 7.601104
1.080000 7.714054
1.080000 7.729661
1.080000 9.813500
1.080000 13.003087
1.080000 14.073812
1.080000 14.789612
1.080000 14.803503
1.080000 17.231396
1.080000 17.300385

1.100000 -10.340689
1.100000 -3.949998
1.100000 -1.463556
1.100000 -1.452673
1.100000 2.558121
1.100000 3.669409
1.100000 7.779780
1.100000 7.887071
1.100000 7.902875
1.100000 9.909645
1.100000 13.245070
1.100000 14.229967
1.100000 14.898253
1.100000 14.912323
1.100000 17.025298
1.100000 17.096712

1.120000 -10.284499
1.120000 -4.072138
1.120000 -1.509844
1.120000 -1.499038
1.120000 2.510609
1.120000 3.582541
1.120000 7.965804
1.120000 8.062108
1.120000 8.078121
1.120000 10.008662
1.120000 13.485464
1.120000 14.393577
1.120000 14.987819
1.120000 15.002297
1.120000 16.836712
1.120000 16.915150

1.140000 -10.228024
1.140000 -4.191193
1.140000 -1.554098
1.140000 -1.543367
1.140000 2.466421
1.140000 3.494959
1.140000 8.157882
1.140000 8.239086
1.140000 8.255321
1.140000 10.110470
1.140000 13.721894
1.140000 14.564894
1.140000 15.046758
1.140000 15.062048
1.140000 16.663395
1.140000 16.757651

1.160000 -10.171490
1.160000 -4.306934
1.160000 -1.596251
1.160000 -1.585593
1.160000 2.425621
1.160000 3.407714
1.160000 8.354981
1.160000 8.417933
1.160000 8.434411
1.160000 10.214970
1.160000 13.950669
1.160000 14.744070
1.160000 15.061804
1.160000 15.078551
1.160000 16.490597
1.160000 16.607614

1.180000 -10.115148
1.180000 -4.419106
1.180000 -1.636241
1.180000 -1.625655
1.180000 2.388261
1.180000 3.321643
1.180000 8.556259
1.180000 8.598584
1.180000 8.615350
1.180000 10.322041
1.180000 14.165729
1.180000 14.930582
1.180000 15.023681
1.180000 15.043120
1.180000 16.303901
1.180000 16.440544

1.200000 -10.059268
1.200000 -4.527432
1.200000 -1.674012
1.200000 -1.663496
1.200000 2.354390
1.200000 3.237418
1.200000 8.760982
1.200000 8.780980
1.200000 8.798155
1.200000 10.431538
1.200000 14.356481
1.200000 14.933340
1.200000 14.955226
1.200000 15.125442
1.200000 16.106617
1.200000 16.277176

1.220000 -10.004147
1.220000 -4.631610
1.220000 -1.709515
1.220000 -1.699067
1.220000 2.324045
1.220000 3.155586
1.220000 8.965062
1.220000 8.968039
1.220000 8.983351
1.220000 10.543279
1.220000 14.502674
1.220000 14.800970
1.220000 14.832039
1.220000 15.321871
1.220000 15.906049
1.220000 16.152131

1.240000 -9.950108
1.240000 -4.731312
1.240000 -1.742703
1.240000 -1.732322
1.240000 2.297257
1.240000 3.076590
1.240000 9.150778
1.240000 9.166345
1.240000 9.181540
1.240000 10.657037
1.240000 14.553932
1.240000 14.639226
1.240000 14.710203
1.240000 15.514320
1.240000 15.706311
1.240000 16.102499

1.260000 -9.897499
1.260000 -4.826185
1.260000 -1.773535
1.260000 -1.763220
1.260000 2.274045
1.260000 3.000802
1.260000 9.338070
1.260000 9.354797
1.260000 9.393417
1.260000 10.772527
1.260000 14.438439
1.260000 14.458485
1.260000 14.649652
1.260000 15.509493
1.260000 15.695097
1.260000 16.159948

1.280000 -9.846693
1.280000 -4.915850
1.280000 -1.801976
1.280000 -1.791725
1.280000 2.254414
1.280000 2.928538
1.280000 9.526876
1.280000 9.544045
1.280000 9.607988
1.280000 10.889384
1.280000 14.256341
1.280000 14.265924
1.280000 14.558861
1.280000 15.316833
1.280000 15.870602
1.280000 16.317190

1.300000 -9.798086
1.300000 -4.999905
1.300000 -1.827991
1.300000 -1.817803
1.300000 2.238353
1.300000 2.860077
1.300000 9.717124
1.300000 9.734625
1.300000 9.824404
1.300000 11.007139
1.300000 14.058397
1.300000 14.066236
1.300000 14.415820
1.300000 15.129256
1.300000 16.055257
1.300000 16.535757

1.320000 -9.752097
1.320000 -5.077925
1.320000 -1.851552
1.320000 -1.841426
1.320000 2.225823
1.320000 2.795676
1.320000 9.908721
1.320000 9.926531
1.320000 10.042385
1.320000 11.125176
1.320000 13.853694
1.320000 13.862483
1.320000 14.239009
1.320000 14.947625
1.320000 16.253400
1.320000 16.786467

1.340000 -9.709158
1.340000 -5.149474
1.340000 -1.872632
1.340000 -1.862566
1.340000 2.216754
1.340000 2.735589
1.340000 10.101541
1.340000 10.119666
1.340000 10.261737
1.340000 11.242680
1.340000 13.645641
1.340000 13.656741
1.340000 14.042820
1.340000 14.772884
1.340000 16.462776
1.340000 17.055150

1.360000 -9.669710
1.360000 -5.214103
1.360000 -1.891208
1.360000 -1.881202
1.360000 2.211026
1.360000 2.680089
1.360000 10.295399
1.360000 10.313862
1.360000 10.482300
1.360000 11.358560
1.360000 13.436139
1.360000 13.450513
1.360000 13.835660
1.360000 14.606178
1.360000 16.680347
1.360000 17.334876

1.380000 -9.634194
1.380000 -5.271369
1.380000 -1.907261
1.380000 -1.897313
1.380000 2.208442
1.380000 2.629496
1.380000 10.490009
1.380000 10.508851
1.380000 10.703927
1.380000 11.471337
1.380000 13.226489
1.380000 13.245026
1.380000 13.622319
1.380000 14.448977
1.380000 16.903515
1.380000 17.621469

1.400000 -9.603037
1.400000 -5.320837
1.400000 -1.920772
1.400000 -1.910881
1.400000 2.208696
1.400000 2.584220
1.400000 10.684891
1.400000 10.704179
1.400000 10.926463
1.400000 11.578992
1.400000 13.017780
1.400000 13.041491
1.400000 13.405653
1.400000 14.303209
1.400000 17.129791
1.400000 17.911410

1.420000 -9.576641
1.420000 -5.362104
1.420000 -1.931727
1.420000 -1.921893
1.420000 2.211314
1.420000 2.544818
1.420000 10.879177
1.420000 10.899015
1.420000 11.149714
1.420000 11.678757
1.420000 12.811208
1.420000 12.841436
1.420000 13.187533
1.420000 14.171426
1.420000 17.356089
1.420000 18.200206

1.440000 -9.555366
1.440000 -5.394804
1.440000 -1.940114
1.440000 -1.930335
1.440000 2.215582
1.440000 2.512070
1.440000 11.071136
1.440000 11.091686
1.440000 11.373357
1.440000 11.766852
1.440000 12.608580
1.440000 12.647376
1.440000 12.969430
1.440000 14.056945
1.440000 17.577572
1.440000 18.479511

1.460000 -9.539516
1.460000 -5.418630
1.460000 -1.945924
1.460000 -1.936199
1.460000 2.220487
1.460000 2.487041
1.460000 11.256795
1.460000 11.278306
1.460000 11.596663
1.460000 11.838200
1.460000 12.413647
1.460000 12.464462
1.460000 12.753034
1.460000 13.963886
1.460000 17.785350
1.460000 18.729467

1.480000 -9.529324
1.480000 -5.433347
1.480000 -1.949148
1.480000 -1.939477
1.480000 2.224753
1.480000 2.471041
1.480000 11.425299
1.480000 11.448017
1.480000 11.816983
1.480000 11.886690
1.480000 12.236912
1.480000 12.305150
1.480000 12.541872
1.480000 13.896909
1.480000 17.961579
1.480000 18.904019

1.500000 -9.524941
1.500000 -5.438802
1.500000 -1.949782
1.500000 -1.940164
1.500000 2.227155
1.500000 2.465320
1.500000 11.542723
1.500000 11.565284
1.500000 11.912272
1.500000 12.007185
1.500000 12.125892
1.500000 12.199071
1.500000 12.351410
1.500000 13.860454
1.500000 18.072373
1.500000 18.965023

1.500000 -9.492477
1.500000 -5.373863
1.500000 -1.914626
1.500000 -1.767650
1.500000 2.309304
1.500000 2.595894
1.500000 11.641892
1.500000 11.693794
1.500000 12.021616
1.500000 12.042623
1.500000 12.399294
1.500000 12.515195
1.500000 12.635438
1.500000 14.057404
1.500000 18.116929
1.500000 19.039423

1.520000 -9.495363
1.520000 -5.378314
1.520000 -1.915447
1.520000 -1.805723
1.520000 2.320362
1.520000 2.637054
1.520000 11.426615
1.520000 11.501928
1.520000 11.752171
1.520000 11.792187
1.520000 12.668855
1.520000 12.791803
1.520000 12.898164
1.520000 14.121822
1.520000 18.022492
1.520000 18.903678

1.540000 -9.497684
1.540000 -5.379659
1.540000 -1.911763
1.540000 -1.868081
1.540000 2.340050
1.540000 2.721751
1.540000 11.138192
1.540000 11.292503
1.540000 11.462442
1.540000 11.589638
1.540000 12.953196
1.540000 13.072497
1.540000 13.178678
1.540000 14.233575
1.540000 17.863309
1.540000 18.766128

1.560000 -9.499576
1.560000 -5.378016
1.560000 -1.950471
1.560000 -1.903614
1.560000 2.363264
1.560000 2.851000
1.560000 10.846231
1.560000 11.048048
1.560000 11.176292
1.560000 11.393231
1.560000 13.242204
1.560000 13.354628
1.560000 13.465531
1.560000 14.381347
1.560000 17.654819
1.560000 18.627816

1.580000 -9.501234
1.580000 -5.373538
1.580000 -2.047828
1.580000 -1.891050
1.580000 2.388614
1.580000 3.021333
1.580000 10.555732
1.580000 10.791877
1.580000 10.894559
1.580000 11.190740
1.580000 13.532401
1.580000 13.636395
1.580000 13.754814
1.580000 14.555453
1.580000 17.417778
1.580000 18.461688

1.600000 -9.502911
1.600000 -5.366403
1.600000 -2.154960
1.600000 -1.874131
1.600000 2.416608
1.600000 3.227290
1.600000 10.268758
1.600000 10.533366
1.600000 10.617752
1.600000 10.981006
1.600000 13.821666
1.600000 13.916276
1.600000 14.043721
1.600000 14.748705
1.600000 17.168654
1.600000 18.255642

1.620000 -9.504915
1.620000 -5.356808
1.620000 -2.266996
1.620000 -1.852932
1.620000 2.448004
1.620000 3.463488
1.620000 9.986426
1.620000 10.276269
1.620000 10.346295
1.620000 10.766143
1.620000 14.108048
1.620000 14.192868
1.620000 14.328977
1.620000 14.956066
1.620000 16.918924
1.620000 18.018860

1.640000 -9.507607
1.640000 -5.344958
1.640000 -2.379599
1.640000 -1.827543
1.640000 2.483335
1.640000 3.725275
1.640000 9.709481
1.640000 10.022344
1.640000 10.080587
1.640000 10.548572
1.640000 14.388953
1.640000 14.464870
1.640000 14.605775
1.640000 15.174028
1.640000 16.678356
1.640000 17.765068

1.660000 -9.511398
1.660000 -5.331048
1.660000 -2.489028
1.660000 -1.798064
1.660000 2.522891
1.660000 4.008752
1.660000 9.438519
1.660000 9.772558
1.660000 9.821042
1.660000 10.330356
1.660000 14.659156
1.660000 14.731160
1.660000 14.866508
1.660000 15.400040
1.660000 16.459595
1.660000 17.504282

1.680000 -9.516740
1.680000 -5.315241
1.680000 -2.592114
1.680000 -1.764613
1.680000 2.566787
1.680000 4.310602
1.680000 9.174106
1.680000 9.527516
1.680000 9.568123
1.680000 10.113151
1.680000 14.902314
1.680000 14.990904
1.680000 15.102101
1.680000 15.632069
1.680000 16.285688
1.680000 17.243537

1.700000 -9.524116
1.700000 -5.297639
1.700000 -2.686222
1.700000 -1.727321
1.700000 2.615019
1.700000 4.627853
1.700000 8.916875
1.700000 9.287628
1.700000 9.322396
1.700000 9.898281
1.700000 15.062093
1.700000 15.243646
1.700000 15.322158
1.700000 15.868304
1.700000 16.197383
1.700000 16.990336

1.720000 -9.534029
1.720000 -5.278250
1.720000 -2.769203
1.720000 -1.686338
1.720000 2.667489
1.720000 4.957574
1.720000 8.667636
1.720000 9.053190
1.720000 9.084612
1.720000 9.686824
1.720000 15.067859
1.720000 15.489349
1.720000 15.554936
1.720000 16.107017
1.720000 16.218563
1.720000 16.762815

1.740000 -9.546985
1.740000 -5.256954
1.740000 -2.839368
1.740000 -1.641828
1.740000 2.724028
1.740000 5.296419
1.740000 8.427587
1.740000 8.824421
1.740000 8.855891
1.740000 9.479686
1.740000 14.950192
1.740000 15.728349
1.740000 15.786417
1.740000 16.250917
1.740000 16.346553
1.740000 16.641053

1.750000 -9.554759
1.750000 -5.245511
1.750000 -2.869238
1.750000 -1.618307
1.750000 2.753752
1.750000 5.467906
1.750000 8.311577
1.750000 8.712214
1.750000 8.745470
1.750000 9.377985
1.750000 14.866045
1.750000 15.845519
1.750000 15.884283
1.750000 16.219983
1.750000 16.466151
1.750000 16.666675

1.750000 -9.554759
1.750000 -5.245511
1.750000 -2.869238
1.750000 -1.618307
1.750000 2.753752
1.750000 5.467906
1.750000 8.311577
1.750000 8.712214
1.750000 8.745470
1.750000 9.377985
1.750000 14.866045
1.750000 15.845519
1.750000 15.884283
1.750000 16.219983
1.750000 16.466151
1.750000 16.666675

1.770000 -9.573186
1.770000 -5.220782
1.770000 -2.917974
1.770000 -1.568857
1.770000 2.815929
1.770000 5.810875
1.770000 8.089465
1.770000 8.492237
1.770000 8.534379
1.770000 9.178768
1.770000 14.673360
1.770000 15.889814
1.770000 16.075655
1.770000 16.254191
1.770000 16.704182
1.770000 16.825988

1.790000 -9.595803
1.790000 -5.193130
1.790000 -2.951568
1.790000 -1.516374
1.790000 2.881454
1.790000 6.144035
1.790000 7.885040
1.790000 8.278250
1.790000 8.341251
1.790000 8.985684
1.790000 14.465194
1.790000 15.686220
1.790000 16.300857
1.790000 16.452487
1.790000 16.939796
1.790000 17.024761

1.810000 -9.622963
1.810000 -5.161853
1.810000 -2.969799
1.810000 -1.461092
1.810000 2.949911
1.810000 6.443641
1.810000 7.707929
1.810000 8.070315
1.810000 8.179896
1.810000 8.799356
1.810000 14.251635
1.810000 15.449466
1.810000 16.521933
1.810000 16.657831
1.810000 17.172271
1.810000 17.213602

1.830000 -9.654926
1.830000 -5.126118
1.830000 -2.972794
1.830000 -1.403262
1.830000 3.020793
1.830000 6.658875
1.830000 7.570545
1.830000 7.868464
1.830000 8.088542
1.830000 8.620382
1.830000 14.037309
1.830000 15.206317
1.830000 16.739649
1.830000 16.819979
1.830000 17.344853
1.830000 17.401253

1.850000 -9.691847
1.850000 -5.085016
1.850000 -2.960976
1.850000 -1.343158
1.850000 3.093494
1.850000 6.726806
1.850000 7.459804
1.850000 7.672702
1.850000 8.143128
1.850000 8.449339
1.850000 13.824419
1.850000 14.961740
1.850000 16.813981
1.850000 16.954705
1.850000 17.389381
1.850000 17.626717

1.870000 -9.733756
1.870000 -5.037617
1.870000 -2.934996
1.870000 -1.281075
1.870000 3.167284
1.870000 6.660975
1.870000 7.335629
1.870000 7.483009
1.870000 8.286797
1.870000 8.370192
1.870000 13.613902
1.870000 14.716791
1.870000 16.521985
1.870000 17.167708
1.870000 17.494745
1.870000 17.848900

1.890000 -9.780565
1.890000 -4.983036
1.890000 -2.895665
1.890000 -1.217330
1.890000 3.241295
1.890000 6.529350
1.890000 7.195131
1.890000 7.299351
1.890000 8.133315
1.890000 8.704701
1.890000 13.405861
1.890000 14.471125
1.890000 16.102593
1.890000 17.379155
1.890000 17.650555
1.890000 18.068229

1.910000 -9.832060
1.910000 -4.920481
1.910000 -2.843890
1.910000 -1.152258
1.910000 3.314495
1.910000 6.373357
1.910000 7.051033
1.910000 7.121677
1.910000 7.989449
1.910000 9.092522
1.910000 13.199639
1.910000 14.223565
1.910000 15.657624
1.910000 17.589398
1.910000 17.799609
1.910000 18.285233

1.930000 -9.887919
1.930000 -4.849290
1.930000 -2.780622
1.930000 -1.086216
1.930000 3.385670
1.930000 6.210025
1.930000 6.911170
1.930000 6.949930
1.930000 7.855744
1.930000 9.508655
1.930000 12.993648
1.930000 13.972329
1.930000 15.219412
1.930000 17.798574
1.930000 17.903030
1.930000 18.500468

1.950000 -9.947726
1.950000 -4.768950
1.950000 -2.706819
1.950000 -1.019575
1.950000 3.453411
1.950000 6.046534
1.950000 6.779753
1.950000 6.784048
1.950000 7.732733
1.950000 9.941150
1.950000 12.784958
1.950000 13.715565
1.950000 14.803715
1.950000 17.906305
1.950000 18.006473
1.950000 18.714413

1.970000 -10.010989
1.970000 -4.679098
1.970000 -2.623421
1.970000 -0.952724
1.970000 3.516114
1.970000 5.886303
1.970000 6.623971
1.970000 6.659412
1.970000 7.620932
1.970000 10.382368
1.970000 12.568722
1.970000 13.452921
1.970000 14.422349
1.970000 17.759819
1.970000 18.212237
1.970000 18.927326

1.990000 -10.077162
1.990000 -4.579515
1.990000 -2.531334
1.990000 -0.886060
1.990000 3.572011
1.990000 5.731181
1.990000 6.469647
1.990000 6.552049
1.990000 7.520829
1.990000 10.824291
1.990000 12.338170
1.990000 13.188558
1.990000 14.085205
1.990000 17.486486
1.990000 18.413635
1.990000 19.138916

2.010000 -10.145663
2.010000 -4.470106
2.010000 -2.431433
2.010000 -0.819987
2.010000 3.619239
2.010000 5.582296
2.010000 6.321032
2.010000 6.459125
2.010000 7.432882
2.010000 11.251205
2.010000 12.089302
2.010000 12.933176
2.010000 13.800724
2.010000 17.148741
2.010000 18.605025
2.010000 19.312872

2.030000 -10.215897
2.030000 -4.350887
2.030000 -2.324556
2.030000 -0.754911
2.030000 3.655959
2.030000 5.440412
2.030000 6.178094
2.030000 6.381671
2.030000 7.357505
2.030000 11.574548
2.030000 11.883410
2.030000 12.699918
2.030000 13.582493
2.030000 16.788389
2.030000 18.770793
2.030000 19.496818

2.050000 -10.287270
2.050000 -4.221956
2.050000 -2.211520
2.050000 -0.691230
2.050000 3.680528
2.050000 5.306101
2.050000 6.040814
2.050000 6.320143
2.050000 7.295066
2.050000 11.405115
2.050000 12.062414
2.050000 12.496065
2.050000 13.469805
2.050000 16.426638
2.050000 18.863401
2.050000 19.687840

2.070000 -10.359200
2.070000 -4.083483
2.070000 -2.093126
2.070000 -0.629330
2.070000 3.691688
2.070000 5.179822
2.070000 5.909187
2.070000 6.274197
2.070000 7.245871
2.070000 11.073797
2.070000 12.215613
2.070000 12.320964
2.070000 13.541729
2.070000 16.075700
2.070000 18.779384
2.070000 19.728690

2.090000 -10.431129
2.090000 -3.935689
2.090000 -1.970171
2.090000 -0.569577
2.090000 3.688737
2.090000 5.061961
2.090000 5.783219
2.090000 6.242441
2.090000 7.210157
2.090000 10.720644
2.090000 12.163891
2.090000 12.190687
2.090000 13.817363
2.090000 15.746375
2.090000 18.499489
2.090000 19.830070

2.110000 -10.502530
2.110000 -3.778833
2.110000 -1.843461
2.110000 -0.512305
2.110000 3.671604
2.110000 4.952853
2.110000 5.662926
2.110000 6.222233
2.110000 7.188084
2.110000 10.364826
2.110000 12.017162
2.110000 12.062432
2.110000 14.195597
2.110000 15.459009
2.110000 18.129441
2.110000 20.006574

2.130000 -10.572909
2.130000 -3.613210
2.130000 -1.713819
2.130000 -0.457815
2.130000 3.640806
2.130000 4.852794
2.130000 5.548333
2.130000 6.209555
2.130000 7.179719
2.130000 10.016774
2.130000 11.830630
2.130000 11.940977
2.130000 14.528628
2.130000 15.296323
2.130000 17.731118
2.130000 19.990563

2.150000 -10.641812
2.150000 -3.439137
2.150000 -1.582102
2.150000 -0.406364
2.150000 3.597296
2.150000 4.762045
2.150000 5.439473
2.150000 6.198985
2.150000 7.185028
2.150000 9.684723
2.150000 11.611524
2.150000 11.843531
2.150000 14.558430
2.150000 15.489480
2.150000 17.326305
2.150000 19.681749

2.170000 -10.708819
2.170000 -3.256956
2.170000 -1.449205
2.170000 -0.358157
2.170000 3.542233
2.170000 4.680838
2.170000 5.336383
2.170000 6.183782
2.170000 7.203861
2.170000 9.376332
2.170000 11.375881
2.170000 11.763708
2.170000 14.374128
2.170000 15.938719
2.170000 16.923492
2.170000 19.302122

2.190000 -10.773550
2.190000 -3.067036
2.190000 -1.316072
2.190000 -0.313350
2.190000 3.476758
2.190000 4.609379
2.190000 5.239101
2.190000 6.156208
2.190000 7.235935
2.190000 9.099254
2.190000 11.129833
2.190000 11.700220
2.190000 14.156483
2.190000 16.458334
2.190000 16.526714
2.190000 18.901920

2.210000 -10.835659
2.210000 -2.869772
2.210000 -1.183697
2.210000 -0.272040
2.210000 3.401796
2.210000 4.547848
2.210000 5.147669
2.210000 6.108332
2.210000 7.280826
2.210000 8.860891
2.210000 10.876830
2.210000 11.653052
2.210000 13.945300
2.210000 16.138310
2.210000 17.005516
2.210000 18.498007

2.230000 -10.894835
2.230000 -2.665602
2.230000 -1.053132
2.230000 -0.234273
2.230000 3.317923
2.230000 4.496392
2.230000 5.062128
2.230000 6.033568
2.230000 7.337943
2.230000 8.667213
2.230000 10.619611
2.230000 11.622644
2.230000 13.749513
2.230000 15.759923
2.230000 17.568110
2.230000 18.097987

2.250000 -10.950799
2.250000 -2.455010
2.250000 -0.925476
2.250000 -0.200040
2.250000 3.225292
2.250000 4.455100
2.250000 4.982518
2.250000 5.928724
2.250000 7.406507
2.250000 8.520942
2.250000 10.360796
2.250000 11.609652
2.250000 13.571396
2.250000 15.392927
2.250000 17.697001
2.250000 18.149913

2.270000 -11.003304
2.270000 -2.238557
2.270000 -0.801875
2.270000 -0.169286
2.270000 3.123611
2.270000 4.423976
2.270000 4.908878
2.270000 5.795510
2.270000 7.485528
2.270000 8.420201
2.270000 10.103065
2.270000 11.614801
2.270000 13.411157
2.270000 15.038638
2.270000 17.310881
2.270000 18.734881

2.290000 -11.052128
2.290000 -2.016900
2.290000 -0.683498
2.290000 -0.141913
2.290000 3.012204
2.290000 4.402890
2.290000 4.841244
2.290000 5.640307
2.290000 7.573765
2.290000 8.358821
2.290000 9.849205
2.290000 11.638768
2.290000 13.268218
2.290000 14.698455
2.290000 16.932229
2.290000 19.330525

2.310000 -11.097077
2.310000 -1.790842
2.310000 -0.571525
2.310000 -0.117793
2.310000 2.890143
2.310000 4.391519
2.310000 4.779650
2.310000 5.472318
2.310000 7.669681
2.310000 8.328206
2.310000 9.602111
2.310000 11.682045
2.310000 13.141708
2.310000 14.373957
2.310000 16.563570
2.310000 19.934623

2.330000 -11.137980
2.330000 -1.561398
2.330000 -0.467114
2.330000 -0.096770
2.330000 2.756505
2.330000 4.389280
2.330000 4.724127
2.330000 5.301328
2.330000 7.771392
2.330000 8.319484
2.330000 9.364796
2.330000 11.744788
2.330000 13.030682
2.330000 14.066995
2.330000 16.206244
2.330000 20.546306

2.350000 -11.174688
2.350000 -1.329901
2.350000 -0.371373
2.350000 -0.078673
2.350000 2.610748
2.350000 4.395256
2.350000 4.674703
2.350000 5.136131
2.350000 7.876594
2.350000 8.324891
2.350000 9.140417
2.350000 11.826644
2.350000 12.934234
2.350000 13.779792
2.350000 15.861688
2.350000 21.164789

2.370000 -11.207072
2.370000 -1.098185
2.370000 -0.285329
2.370000 -0.063328
2.370000 2.453205
2.370000 4.408130
2.370000 4.631403
2.370000 4.983747
2.370000 7.982492
2.370000 8.338287
2.370000 8.932308
2.370000 11.926531
2.370000 12.851549
2.370000 13.515031
2.370000 15.531724
2.370000 21.789135

2.390000 -11.235024
2.390000 -0.868885
2.390000 -0.209899
2.390000 -0.050558
2.390000 2.285667
2.390000 4.426147
2.390000 4.594249
2.390000 4.849201
2.390000 8.085739
2.390000 8.355095
2.390000 8.744020
2.390000 12.042338
2.390000 12.781923
2.390000 13.275931
2.390000 15.218885
2.390000 22.417987

2.410000 -11.258452
2.410000 -0.645998
2.410000 -0.145865
2.410000 -0.040200
2.410000 2.112049
2.410000 4.447114
2.410000 4.563259
2.410000 4.735642
2.410000 8.182410
2.410000 8.371886
2.410000 8.579464
2.410000 12.170411
2.410000 12.724776
2.410000 13.066288
2.410000 14.926965
2.410000 23.049052

2.430000 -11.277282
2.430000 -0.435881
2.430000 -0.093854
2.430000 -0.032107
2.430000 1.939302
2.430000 4.468472
2.430000 4.538449
2.430000 4.644694
2.430000 8.268074
2.430000 8.383859
2.430000 8.445038
2.430000 12.304624
2.430000 12.679657
2.430000 12.890412
2.430000 14.662006
2.430000 23.677908

2.450000 -11.291454
2.450000 -0.249026
2.450000 -0.054292
2.450000 -0.026152
2.450000 1.778884
2.450000 4.487414
2.450000 4.519830
2.450000 4.576997
2.450000 8.328387
2.450000 8.338033
2.450000 8.405613
2.450000 12.434664
2.450000 12.646285
2.450000 12.752895
2.450000 14.434048
2.450000 24.294649

2.470000 -11.300927
2.470000 -0.102684
2.470000 -0.027116
2.470000 -0.022238
2.470000 1.648759
2.470000 4.500649
2.470000 4.507413
2.470000 4.533225
2.470000 8.256688
2.470000 8.387783
2.470000 8.412352
2.470000 12.543319
2.470000 12.624882
2.470000 12.658155
2.470000 14.259583
2.470000 24.872793

2.490000 -11.305670
2.490000 -0.025952
2.490000 -0.020298
2.490000 -0.006856
2.490000 1.573258
2.490000 4.501203
2.490000 4.501748
2.490000 4.517520
2.490000 8.219549
2.490000 8.413687
2.490000 8.416448
2.490000 12.600560
2.490000 12.609771
2.490000 12.621716
2.490000 14.162002
2.490000 25.137060

2.500000 -11.306263
2.500000 -0.020056
2.500000 -0.020056
2.500000 -0.000000
2.500000 1.563184
2.500000 4.500426
2.500000 4.500426
2.500000 4.517049
2.500000 8.214863
2.500000 8.416976
2.500000 8.416976
2.500000 12.603673
2.500000 12.603673
2.500000 12.626007
2.500000 14.149163
2.500000 25.162733

0.000000 0.250000 0.500000 1.000000 1.500000 1.625000 1.750000 2.125000 2.500000 
L


[-1,-1,-1]
\Gamma


[1,0,0]
X


[-1,-1,0]
K


[-1,-1,0]
\Gamma
