130 16
0.000000 -10.334208
0.000000 -4.826146
0.000000 -0.674319
0.000000 -0.674319
0.000000 1.560604
0.000000 4.989741
0.000000 4.989741
0.000000 8.337979
0.000000 10.068787
0.000000 10.888434
0.000000 10.888434
0.000000 11.332160
0.000000 12.104858
0.000000 12.104858
0.000000 18.207402
0.000000 18.952351

0.020000 -10.341875
0.020000 -4.813015
0.020000 -0.674893
0.020000 -0.674893
0.020000 1.561532
0.020000 4.989630
0.020000 4.989630
0.020000 8.340710
0.020000 9.816284
0.020000 10.691187
0.020000 10.691187
0.020000 11.583424
0.020000 12.313338
0.020000 12.313338
0.020000 17.652523
0.020000 19.516676

0.040000 -10.358912
0.040000 -4.775614
0.040000 -0.671051
0.040000 -0.671051
0.040000 1.568902
0.040000 4.995052
0.040000 4.995052
0.040000 8.350957
0.040000 9.476315
0.040000 10.412889
0.040000 10.412889
0.040000 11.940270
0.040000 12.628459
0.040000 12.628459
0.040000 17.077713
0.040000 19.792442

0.060000 -10.384805
0.060000 -4.714506
0.060000 -0.662851
0.060000 -0.662851
0.060000 1.582564
0.060000 5.005595
0.060000 5.005595
0.060000 8.363389
0.060000 9.117454
0.060000 10.111874
0.060000 10.111874
0.060000 12.337723
0.060000 12.992089
0.060000 12.992089
0.060000 16.513469
0.060000 19.287136

0.080000 -10.418763
0.080000 -4.630549
0.080000 -0.650381
0.080000 -0.650381
0.080000 1.602284
0.080000 5.020605
0.080000 5.020605
0.080000 8.352704
0.080000 8.785593
0.080000 9.809892
0.080000 9.809892
0.080000 12.751159
0.080000 13.382736
0.080000 13.382736
0.080000 15.968243
0.080000 18.791479

0.100000 -10.459792
0.100000 -4.524836
0.100000 -0.633752
0.100000 -0.633752
0.100000 1.627722
0.100000 5.039159
0.100000 5.039159
0.100000 8.201099
0.100000 8.606175
0.100000 9.516221
0.100000 9.516221
0.100000 13.162188
0.100000 13.791289
0.100000 13.791289
0.100000 15.454532
0.100000 18.307681

0.120000 -10.506758
0.120000 -4.398623
0.120000 -0.613107
0.120000 -0.613107
0.120000 1.658408
0.120000 5.060024
0.120000 5.060024
0.120000 7.885840
0.120000 8.605211
0.120000 9.235945
0.120000 9.235945
0.120000 13.530846
0.120000 14.212376
0.120000 14.212376
0.120000 15.010179
0.120000 17.838048

0.140000 -10.558459
0.140000 -4.253261
0.140000 -0.588623
0.140000 -0.588623
0.140000 1.693699
0.140000 5.081611
0.140000 5.081611
0.140000 7.535463
0.140000 8.655650
0.140000 8.972668
0.140000 8.972668
0.140000 13.710492
0.140000 14.640483
0.140000 14.640483
0.140000 14.781344
0.140000 17.386634

0.160000 -10.613685
0.160000 -4.090143
0.160000 -0.560515
0.160000 -0.560515
0.160000 1.732730
0.160000 5.101949
0.160000 5.101949
0.160000 7.183625
0.160000 8.724402
0.160000 8.729520
0.160000 8.729520
0.160000 13.510167
0.160000 14.959391
0.160000 15.064580
0.160000 15.064580
0.160000 16.963769

0.180000 -10.671259
0.180000 -3.910656
0.180000 -0.529040
0.180000 -0.529040
0.180000 1.774334
0.180000 5.118679
0.180000 5.118679
0.180000 6.838227
0.180000 8.509567
0.180000 8.509567
0.180000 8.803485
0.180000 13.120187
0.180000 15.354987
0.180000 15.445822
0.180000 15.445822
0.180000 16.608025

0.200000 -10.730073
0.200000 -3.716155
0.200000 -0.494503
0.200000 -0.494503
0.200000 1.816935
0.200000 5.129131
0.200000 5.129131
0.200000 6.502831
0.200000 8.315918
0.200000 8.315918
0.200000 8.888552
0.200000 12.694588
0.200000 15.612452
0.200000 15.612452
0.200000 15.815330
0.200000 16.491149

0.220000 -10.789104
0.220000 -3.507946
0.220000 -0.457267
0.220000 -0.457267
0.220000 1.858413
0.220000 5.130515
0.220000 5.130515
0.220000 6.180183
0.220000 8.151620
0.220000 8.151620
0.220000 8.975018
0.220000 12.276006
0.220000 15.406440
0.220000 15.406440
0.220000 16.297873
0.220000 16.771367

0.240000 -10.847428
0.240000 -3.287276
0.240000 -0.417752
0.240000 -0.417752
0.240000 1.895920
0.240000 5.120274
0.240000 5.120274
0.240000 5.873194
0.240000 8.019341
0.240000 8.019341
0.240000 9.056293
0.240000 11.882454
0.240000 15.065060
0.240000 15.065060
0.240000 16.773779
0.240000 17.211778

0.260000 -10.904216
0.260000 -3.055343
0.260000 -0.376449
0.260000 -0.376449
0.260000 1.925677
0.260000 5.096574
0.260000 5.096574
0.260000 5.585381
0.260000 7.920893
0.260000 7.920893
0.260000 9.121916
0.260000 11.529192
0.260000 14.701807
0.260000 14.701807
0.260000 17.096155
0.260000 17.699440

0.280000 -10.958741
0.280000 -2.813297
0.280000 -0.333921
0.280000 -0.333921
0.280000 1.942791
0.280000 5.058798
0.280000 5.058798
0.280000 5.321132
0.280000 7.856718
0.280000 7.856718
0.280000 9.155589
0.280000 11.235231
0.280000 14.341698
0.280000 14.341698
0.280000 16.883923
0.280000 18.022101

0.300000 -11.010362
0.300000 -2.562253
0.300000 -0.290808
0.300000 -0.290808
0.300000 1.941239
0.300000 5.007844
0.300000 5.007844
0.300000 5.085736
0.300000 7.825556
0.300000 7.825556
0.300000 9.135914
0.300000 11.023945
0.300000 13.992837
0.300000 13.992837
0.300000 16.494427
0.300000 18.531705

0.320000 -11.058527
0.320000 -2.303316
0.320000 -0.247830
0.320000 -0.247830
0.320000 1.914230
0.320000 4.884985
0.320000 4.946078
0.320000 4.946078
0.320000 7.824445
0.320000 7.824445
0.320000 9.046068
0.320000 10.913876
0.320000 13.659329
0.320000 13.659329
0.320000 16.091430
0.320000 19.079109

0.340000 -11.102759
0.340000 -2.037596
0.340000 -0.205784
0.340000 -0.205784
0.340000 1.855221
0.340000 4.724118
0.340000 4.876943
0.340000 4.876943
0.340000 7.849019
0.340000 7.849019
0.340000 8.889085
0.340000 10.903670
0.340000 13.344223
0.340000 13.344223
0.340000 15.695436
0.340000 19.644196

0.360000 -11.142652
0.360000 -1.766246
0.360000 -0.165535
0.360000 -0.165535
0.360000 1.759521
0.360000 4.606138
0.360000 4.804423
0.360000 4.804423
0.360000 7.893946
0.360000 7.893946
0.360000 8.687563
0.360000 10.972436
0.360000 13.050458
0.360000 13.050458
0.360000 15.312062
0.360000 20.222155

0.380000 -11.177864
0.380000 -1.490512
0.380000 -0.127999
0.380000 -0.127999
0.380000 1.625813
0.380000 4.530210
0.380000 4.732558
0.380000 4.732558
0.380000 7.953285
0.380000 7.953285
0.380000 8.468079
0.380000 11.095288
0.380000 12.781290
0.380000 12.781290
0.380000 14.944490
0.380000 20.811186

0.400000 -11.208111
0.400000 -1.211826
0.400000 -0.094116
0.400000 -0.094116
0.400000 1.456629
0.400000 4.491149
0.400000 4.665103
0.400000 4.665103
0.400000 8.020696
0.400000 8.020696
0.400000 8.251759
0.400000 11.252524
0.400000 12.540526
0.400000 12.540526
0.400000 14.595965
0.400000 21.410358

0.420000 -11.233160
0.420000 -0.931998
0.420000 -0.064816
0.420000 -0.064816
0.420000 1.257534
0.420000 4.480334
0.420000 4.605342
0.420000 4.605342
0.420000 8.053978
0.420000 8.089543
0.420000 8.089543
0.420000 11.429202
0.420000 12.332639
0.420000 12.332639
0.420000 14.271169
0.420000 22.018977

0.440000 -11.252828
0.440000 -0.653727
0.440000 -0.040970
0.440000 -0.040970
0.440000 1.035995
0.440000 4.487387
0.440000 4.556002
0.440000 4.556002
0.440000 7.886490
0.440000 8.153025
0.440000 8.153025
0.440000 11.611301
0.440000 12.162702
0.440000 12.162702
0.440000 13.978080
0.440000 22.636150

0.460000 -11.266973
0.460000 -0.382351
0.460000 -0.023334
0.460000 -0.023334
0.460000 0.801774
0.460000 4.501862
0.460000 4.519221
0.460000 4.519221
0.460000 7.758868
0.460000 8.204501
0.460000 8.204501
0.460000 11.780633
0.460000 12.036067
0.460000 12.036067
0.460000 13.731379
0.460000 23.259632

0.480000 -11.275499
0.480000 -0.134693
0.480000 -0.012501
0.480000 -0.012501
0.480000 0.575051
0.480000 4.496535
0.480000 4.496535
0.480000 4.514725
0.480000 7.678795
0.480000 8.238141
0.480000 8.238141
0.480000 11.908872
0.480000 11.957674
0.480000 11.957674
0.480000 13.557395
0.480000 23.875159

0.500000 -11.278348
0.500000 -0.008847
0.500000 -0.008847
0.500000 0.000000
0.500000 0.447111
0.500000 4.488870
0.500000 4.488870
0.500000 4.519756
0.500000 7.651480
0.500000 8.249850
0.500000 8.249850
0.500000 11.931104
0.500000 11.931104
0.500000 11.958510
0.500000 13.492615
0.500000 24.110241

0.500000 -11.278348
0.500000 -0.008847
0.500000 -0.008847
0.500000 0.000000
0.500000 0.447111
0.500000 4.488870
0.500000 4.488870
0.500000 4.519756
0.500000 7.651480
0.500000 8.249850
0.500000 8.249850
0.500000 11.931104
0.500000 11.931104
0.500000 11.958510
0.500000 13.492615
0.500000 24.110241

0.520000 -11.277399
0.520000 -0.054960
0.520000 -0.011720
0.520000 -0.005484
0.520000 0.496857
0.520000 4.485512
0.520000 4.493792
0.520000 4.521680
0.520000 7.660555
0.520000 8.240445
0.520000 8.251426
0.520000 11.928710
0.520000 11.933744
0.520000 11.959071
0.520000 13.514586
0.520000 23.919710

0.540000 -11.274555
0.540000 -0.164971
0.540000 -0.020296
0.540000 -0.014270
0.540000 0.610132
0.540000 4.470474
0.540000 4.508514
0.540000 4.532617
0.540000 7.687282
0.540000 8.212787
0.540000 8.256154
0.540000 11.919662
0.540000 11.941664
0.540000 11.963847
0.540000 13.578978
0.540000 23.623438

0.560000 -11.269821
0.560000 -0.297876
0.560000 -0.034445
0.560000 -0.028426
0.560000 0.748083
0.560000 4.441651
0.560000 4.532902
0.560000 4.555240
0.560000 7.729921
0.560000 8.168807
0.560000 8.264033
0.560000 11.904613
0.560000 11.954865
0.560000 11.975288
0.560000 13.681842
0.560000 23.316209

0.580000 -11.263202
0.580000 -0.439042
0.580000 -0.053957
0.580000 -0.047904
0.580000 0.896159
0.580000 4.401168
0.580000 4.566742
0.580000 4.588277
0.580000 7.784004
0.580000 8.113306
0.580000 8.275062
0.580000 11.887761
0.580000 11.973345
0.580000 11.992922
0.580000 13.818133
0.580000 23.006607

0.600000 -11.254710
0.600000 -0.583344
0.600000 -0.078554
0.600000 -0.072445
0.600000 1.049142
0.600000 4.350922
0.600000 4.609748
0.600000 4.630850
0.600000 7.834565
0.600000 8.061741
0.600000 8.289240
0.600000 11.872937
0.600000 11.997104
0.600000 12.016241
0.600000 13.982847
0.600000 22.697328

0.620000 -11.244359
0.620000 -0.728659
0.620000 -0.107900
0.620000 -0.101723
0.620000 1.204762
0.620000 4.292549
0.620000 4.661575
0.620000 4.682405
0.620000 7.833543
0.620000 8.062817
0.620000 8.306565
0.620000 11.862820
0.620000 12.026141
0.620000 12.045026
0.620000 14.171612
0.620000 22.389477

0.640000 -11.232164
0.640000 -0.873963
0.640000 -0.141616
0.640000 -0.135362
0.640000 1.361793
0.640000 4.227568
0.640000 4.721835
0.640000 4.742470
0.640000 7.760923
0.640000 8.137327
0.640000 8.327034
0.640000 11.859084
0.640000 12.060454
0.640000 12.079181
0.640000 14.380835
0.640000 22.083592

0.660000 -11.218145
0.660000 -1.018693
0.660000 -0.179296
0.660000 -0.172957
0.660000 1.519412
0.660000 4.157399
0.660000 4.790108
0.660000 4.810590
0.660000 7.656785
0.660000 8.246079
0.660000 8.350645
0.660000 11.862653
0.660000 12.100039
0.660000 12.118662
0.660000 14.607633
0.660000 21.779966

0.680000 -11.202325
0.680000 -1.162512
0.680000 -0.220514
0.680000 -0.214088
0.680000 1.676942
0.680000 4.083354
0.680000 4.865955
0.680000 4.886310
0.680000 7.538977
0.680000 8.372187
0.680000 8.377394
0.680000 11.873934
0.680000 12.144891
0.680000 12.163442
0.680000 14.849705
0.680000 21.478774

0.700000 -11.184731
0.700000 -1.305196
0.700000 -0.264843
0.700000 -0.258327
0.700000 1.833723
0.700000 4.006639
0.700000 4.948933
0.700000 4.969178
0.700000 7.413620
0.700000 8.407276
0.700000 8.510544
0.700000 11.893008
0.700000 12.195003
0.700000 12.213502
0.700000 15.105208
0.700000 21.180130

0.720000 -11.165393
0.720000 -1.446589
0.720000 -0.311858
0.720000 -0.305251
0.720000 1.989027
0.720000 3.928377
0.720000 5.038600
0.720000 5.058748
0.720000 7.284034
0.720000 8.440288
0.720000 8.658886
0.720000 11.919770
0.720000 12.250361
0.720000 12.268823
0.720000 15.372654
0.720000 20.884114

0.740000 -11.144344
0.740000 -1.586573
0.740000 -0.361146
0.740000 -0.354449
0.740000 2.141980
0.740000 3.849656
0.740000 5.134527
0.740000 5.154588
0.740000 7.152674
0.740000 8.476424
0.740000 8.815854
0.740000 11.954016
0.740000 12.310952
0.740000 12.329386
0.740000 15.650826
0.740000 20.590783

0.760000 -11.121622
0.760000 -1.725054
0.760000 -0.412314
0.760000 -0.405529
0.760000 2.291460
0.760000 3.771596
0.760000 5.236301
0.760000 5.256284
0.760000 7.021655
0.760000 8.515678
0.760000 8.980486
0.760000 11.995502
0.760000 12.376752
0.760000 12.395166
0.760000 15.938723
0.760000 20.300185

0.780000 -11.097268
0.780000 -1.861952
0.780000 -0.464986
0.780000 -0.458116
0.780000 2.435946
0.780000 3.695488
0.780000 5.343527
0.780000 5.363440
0.780000 6.892949
0.780000 8.558043
0.780000 9.152041
0.780000 12.043980
0.780000 12.447734
0.780000 12.466134
0.780000 16.235510
0.780000 20.012365

0.800000 -11.071328
0.800000 -1.997198
0.800000 -0.518813
0.800000 -0.511861
0.800000 2.573257
0.800000 3.623025
0.800000 5.455837
0.800000 5.475687
0.800000 6.768508
0.800000 8.603511
0.800000 9.329916
0.800000 12.099213
0.800000 12.523857
0.800000 12.542250
0.800000 16.540483
0.800000 19.727363

0.820000 -11.043852
0.820000 -2.130727
0.820000 -0.573468
0.820000 -0.566439
0.820000 2.700066
0.820000 3.556757
0.820000 5.572883
0.820000 5.592678
0.820000 6.650340
0.820000 8.652074
0.820000 9.513612
0.820000 12.160987
0.820000 12.605071
0.820000 12.623461
0.820000 16.853040
0.820000 19.445228

0.840000 -11.014896
0.840000 -2.262478
0.840000 -0.628649
0.840000 -0.621547
0.840000 2.811034
0.840000 3.500926
0.840000 5.694346
0.840000 5.714090
0.840000 6.540584
0.840000 8.703721
0.840000 9.702700
0.840000 12.229115
0.840000 12.691309
0.840000 12.709700
0.840000 17.172654
0.840000 19.166019

0.860000 -10.984520
0.860000 -2.392389
0.860000 -0.684081
0.860000 -0.676910
0.860000 2.897682
0.860000 3.462573
0.860000 5.819927
0.860000 5.839624
0.860000 6.441570
0.860000 8.758441
0.860000 9.896809
0.860000 12.303434
0.860000 12.782481
0.860000 12.800880
0.860000 17.498841
0.860000 18.889828

0.880000 -10.952789
0.880000 -2.520397
0.880000 -0.739507
0.880000 -0.732272
0.880000 2.949258
0.880000 3.450661
0.880000 5.949354
0.880000 5.969001
0.880000 6.355845
0.880000 8.816221
0.880000 10.095604
0.880000 12.383806
0.880000 12.878473
0.880000 12.896885
0.880000 17.831040
0.880000 18.616877

0.900000 -10.919775
0.900000 -2.646439
0.900000 -0.794695
0.900000 -0.787401
0.900000 2.960508
0.900000 3.468359
0.900000 6.082376
0.900000 6.101940
0.900000 6.286165
0.900000 8.877047
0.900000 10.298779
0.900000 12.470113
0.900000 12.979131
0.900000 12.997562
0.900000 18.166584
0.900000 18.349488

0.920000 -10.885554
0.920000 -2.770446
0.920000 -0.849435
0.920000 -0.842086
0.920000 2.939134
0.920000 3.505727
0.920000 6.218764
0.920000 6.232052
0.920000 6.241484
0.920000 8.940902
0.920000 10.506043
0.920000 12.562257
0.920000 13.084253
0.920000 13.102710
0.920000 18.077329
0.920000 18.205407

0.940000 -10.850210
0.940000 -2.892346
0.940000 -0.903531
0.940000 -0.896132
0.940000 2.898298
0.940000 3.547456
0.940000 6.205490
0.940000 6.358309
0.940000 6.378055
0.940000 9.007767
0.940000 10.717107
0.940000 12.660150
0.940000 13.193568
0.940000 13.212059
0.940000 17.814563
0.940000 17.951028

0.960000 -10.813834
0.960000 -3.012060
0.960000 -0.956810
0.960000 -0.949365
0.960000 2.847666
0.960000 3.582195
0.960000 6.199532
0.960000 6.500821
0.960000 6.520502
0.960000 9.077621
0.960000 10.931674
0.960000 12.763719
0.960000 13.306709
0.960000 13.325243
0.960000 17.554701
0.960000 17.701064

0.980000 -10.776523
0.980000 -3.129506
0.980000 -1.009110
0.980000 -1.001624
0.980000 2.792644
0.980000 3.603690
0.980000 6.218246
0.980000 6.646128
0.980000 6.665783
0.980000 9.150439
0.980000 11.149419
0.980000 12.872893
0.980000 13.423171
0.980000 13.441759
0.980000 17.298523
0.980000 17.455990

1.000000 -10.738382
1.000000 -3.244592
1.000000 -1.060288
1.000000 -1.052764
1.000000 2.736128
1.000000 3.609299
1.000000 6.261702
1.000000 6.794073
1.000000 6.813714
1.000000 9.226192
1.000000 11.369971
1.000000 12.987602
1.000000 13.542247
1.000000 13.560901
1.000000 17.046469
1.000000 17.216468

1.020000 -10.699525
1.020000 -3.357220
1.020000 -1.110211
1.020000 -1.102654
1.020000 2.679731
1.020000 3.598782
1.020000 6.328798
1.020000 6.944517
1.020000 6.964150
1.020000 9.304848
1.020000 11.592878
1.020000 13.107769
1.020000 13.662923
1.020000 13.681659
1.020000 16.799061
1.020000 16.983445

1.040000 -10.660072
1.040000 -3.467282
1.040000 -1.158760
1.040000 -1.151173
1.040000 2.624406
1.040000 3.573433
1.040000 6.417511
1.040000 7.097332
1.040000 7.116961
1.040000 9.386369
1.040000 11.817565
1.040000 13.233303
1.040000 13.783715
1.040000 13.802548
1.040000 16.557019
1.040000 16.758310

1.060000 -10.620155
1.060000 -3.574664
1.060000 -1.205826
1.060000 -1.198213
1.060000 2.570755
1.060000 3.535389
1.060000 6.525297
1.060000 7.252406
1.060000 7.272033
1.060000 9.470710
1.060000 12.043258
1.060000 13.364076
1.060000 13.902398
1.060000 13.921343
1.060000 16.321369
1.060000 16.543144

1.080000 -10.579914
1.080000 -3.679239
1.080000 -1.251310
1.080000 -1.243674
1.080000 2.519175
1.080000 3.487107
1.080000 6.649473
1.080000 7.409638
1.080000 7.429262
1.080000 9.557820
1.080000 12.268859
1.080000 13.499908
1.080000 14.015562
1.080000 14.034624
1.080000 16.093597
1.080000 16.341108

1.100000 -10.539497
1.100000 -3.780872
1.100000 -1.295122
1.100000 -1.287468
1.100000 2.469946
1.100000 3.431005
1.100000 6.787487
1.100000 7.568936
1.100000 7.588559
1.100000 9.647637
1.100000 12.492732
1.100000 13.640516
1.100000 14.117938
1.100000 14.137101
1.100000 15.875872
1.100000 16.157008

1.120000 -10.499063
1.120000 -3.879417
1.120000 -1.337182
1.120000 -1.329511
1.120000 2.423265
1.120000 3.369274
1.120000 6.937076
1.120000 7.730222
1.120000 7.749843
1.120000 9.740089
1.120000 12.712306
1.120000 13.785444
1.120000 14.201560
1.120000 14.220774
1.120000 15.671334
1.120000 15.997783

1.140000 -10.458782
1.140000 -3.974717
1.140000 -1.377414
1.140000 -1.369730
1.140000 2.379280
1.140000 3.303802
1.140000 7.096315
1.140000 7.893426
1.140000 7.913041
1.140000 9.835090
1.140000 12.923334
1.140000 13.933906
1.140000 14.255370
1.140000 14.274650
1.140000 15.484453
1.140000 15.871585

1.160000 -10.418833
1.160000 -4.066606
1.160000 -1.415752
1.160000 -1.408058
1.160000 2.338100
1.160000 3.236170
1.160000 7.263610
1.160000 8.058484
1.160000 8.078091
1.160000 9.932536
1.160000 13.118483
1.160000 14.084333
1.160000 14.267065
1.160000 14.287289
1.160000 15.321715
1.160000 15.779152

1.180000 -10.379403
1.180000 -4.154904
1.180000 -1.452135
1.180000 -1.444432
1.180000 2.299804
1.180000 3.167680
1.180000 7.437658
1.180000 8.225343
1.180000 8.244937
1.180000 10.032301
1.180000 13.284968
1.180000 14.221262
1.180000 14.228642
1.180000 14.266358
1.180000 15.193441
1.180000 15.677653

1.200000 -10.340692
1.200000 -4.239424
1.200000 -1.486507
1.200000 -1.478799
1.200000 2.264449
1.200000 3.099401
1.200000 7.617403
1.200000 8.393954
1.200000 8.413529
1.200000 10.134231
1.200000 13.402232
1.200000 14.141808
1.200000 14.166043
1.200000 14.394362
1.200000 15.116539
1.200000 15.516904

1.220000 -10.302906
1.220000 -4.319967
1.220000 -1.518818
1.220000 -1.511107
1.220000 2.232071
1.220000 3.032213
1.220000 7.801991
1.220000 8.564274
1.220000 8.583823
1.220000 10.238139
1.220000 13.446094
1.220000 14.016412
1.220000 14.055551
1.220000 14.548370
1.220000 15.111069
1.220000 15.333670

1.240000 -10.266259
1.240000 -4.396327
1.240000 -1.549022
1.240000 -1.541311
1.240000 2.202682
1.240000 2.966841
1.240000 7.990729
1.240000 8.736264
1.240000 8.755776
1.240000 10.343788
1.240000 13.406464
1.240000 13.864150
1.240000 13.921303
1.240000 14.712841
1.240000 15.147740
1.240000 15.183494

1.260000 -10.230974
1.260000 -4.468289
1.260000 -1.577079
1.260000 -1.569370
1.260000 2.176280
1.260000 2.903896
1.260000 8.183050
1.260000 8.909887
1.260000 8.929350
1.260000 10.450883
1.260000 13.298493
1.260000 13.694475
1.260000 13.767699
1.260000 14.893282
1.260000 14.964044
1.260000 15.318744

1.280000 -10.197274
1.280000 -4.535635
1.280000 -1.602951
1.280000 -1.595247
1.280000 2.152836
1.280000 2.843898
1.280000 8.378491
1.280000 9.085105
1.280000 9.104504
1.280000 10.559051
1.280000 13.146805
1.280000 13.513915
1.280000 13.598502
1.280000 14.784375
1.280000 15.088529
1.280000 15.496308

1.300000 -10.165390
1.300000 -4.598140
1.300000 -1.626606
1.300000 -1.618908
1.300000 2.132299
1.300000 2.787305
1.300000 8.576665
1.300000 9.261879
1.300000 9.281194
1.300000 10.667809
1.300000 12.969917
1.300000 13.326740
1.300000 13.418234
1.300000 14.609766
1.300000 15.293888
1.300000 15.701956

1.320000 -10.135549
1.320000 -4.655581
1.320000 -1.648014
1.320000 -1.640323
1.320000 2.114590
1.320000 2.734527
1.320000 8.777247
1.320000 9.440160
1.320000 9.459365
1.320000 10.776533
1.320000 12.778670
1.320000 13.135743
1.320000 13.230864
1.320000 14.441079
1.320000 15.505390
1.320000 15.927171

1.340000 -10.107975
1.340000 -4.707737
1.340000 -1.667147
1.340000 -1.659467
1.340000 2.099601
1.340000 2.685949
1.340000 8.979954
1.340000 9.619887
1.340000 9.638948
1.340000 10.884402
1.340000 12.579114
1.340000 12.942804
1.340000 13.039298
1.340000 14.279234
1.340000 15.720782
1.340000 16.166298

1.360000 -10.082886
1.360000 -4.754393
1.360000 -1.683983
1.360000 -1.676316
1.360000 2.087188
1.360000 2.641940
1.360000 9.184532
1.360000 9.800972
1.360000 9.819841
1.360000 10.990324
1.360000 12.374727
1.360000 12.749266
1.360000 12.845552
1.360000 14.125333
1.360000 15.939015
1.360000 16.414865

1.380000 -10.060490
1.380000 -4.795345
1.380000 -1.698502
1.380000 -1.690848
1.380000 2.077171
1.380000 2.602864
1.380000 9.390736
1.380000 9.983276
1.380000 10.001888
1.380000 11.092828
1.380000 12.167635
1.380000 12.556197
1.380000 12.651058
1.380000 13.980770
1.380000 16.159553
1.380000 16.668647

1.400000 -10.040978
1.400000 -4.830403
1.400000 -1.710685
1.400000 -1.703047
1.400000 2.069336
1.400000 2.569089
1.400000 9.598299
1.400000 10.166572
1.400000 10.184832
1.400000 11.189907
1.400000 11.959251
1.400000 12.364618
1.400000 12.456922
1.400000 13.847353
1.400000 16.381869
1.400000 16.922706

1.420000 -10.024523
1.420000 -4.859395
1.420000 -1.720517
1.420000 -1.712898
1.420000 2.063437
1.420000 2.540981
1.420000 9.806882
1.420000 10.350444
1.420000 10.368199
1.420000 11.278764
1.420000 11.750662
1.420000 12.175824
1.420000 12.264163
1.420000 13.727412
1.420000 16.605057
1.420000 17.169677

1.440000 -10.011273
1.440000 -4.882173
1.440000 -1.727986
1.440000 -1.720387
1.440000 2.059215
1.440000 2.518897
1.440000 10.015934
1.440000 10.534044
1.440000 10.551028
1.440000 11.355302
1.440000 11.542980
1.440000 11.992104
1.440000 12.074035
1.440000 13.623897
1.440000 16.827360
1.440000 17.396034

1.460000 -10.001351
1.460000 -4.898616
1.460000 -1.733082
1.460000 -1.725504
1.460000 2.056420
1.460000 2.503163
1.460000 10.224282
1.460000 10.715351
1.460000 10.730975
1.460000 11.338091
1.460000 11.412574
1.460000 11.819091
1.460000 11.888735
1.460000 13.540349
1.460000 17.045194
1.460000 17.574729

1.480000 -9.994848
1.480000 -4.908633
1.480000 -1.735797
1.480000 -1.728243
1.480000 2.054840
1.480000 2.494043
1.480000 10.428310
1.480000 10.888263
1.480000 10.899669
1.480000 11.142859
1.480000 11.434740
1.480000 11.675001
1.480000 11.713756
1.480000 13.480635
1.480000 17.250226
1.480000 17.662505

1.500000 -9.991821
1.500000 -4.912165
1.500000 -1.736126
1.500000 -1.728596
1.500000 2.054338
1.500000 2.491712
1.500000 10.608009
1.500000 10.942696
1.500000 11.027203
1.500000 11.072516
1.500000 11.403288
1.500000 11.568517
1.500000 11.600442
1.500000 13.448322
1.500000 17.414168
1.500000 17.647172

1.500000 -9.938178
1.500000 -4.846924
1.500000 -1.693116
1.500000 -1.518413
1.500000 2.158304
1.500000 2.597333
1.500000 10.725588
1.500000 10.929503
1.500000 11.105345
1.500000 11.412292
1.500000 11.497396
1.500000 11.877697
1.500000 11.918996
1.500000 13.623484
1.500000 17.530334
1.500000 17.693172

1.520000 -9.943080
1.520000 -4.851516
1.520000 -1.694628
1.520000 -1.557418
1.520000 2.174765
1.520000 2.634078
1.520000 10.476818
1.520000 10.710584
1.520000 10.889108
1.520000 11.419530
1.520000 11.637302
1.520000 12.091162
1.520000 12.124131
1.520000 13.686765
1.520000 17.408892
1.520000 17.604010

1.540000 -9.947430
1.540000 -4.853092
1.540000 -1.691960
1.540000 -1.618866
1.540000 2.202094
1.540000 2.708375
1.540000 10.209829
1.540000 10.466590
1.540000 10.649216
1.540000 11.291989
1.540000 11.887472
1.540000 12.332088
1.540000 12.365654
1.540000 13.794688
1.540000 17.183790
1.540000 17.552279

1.560000 -9.951328
1.560000 -4.851779
1.560000 -1.698634
1.560000 -1.685150
1.560000 2.233798
1.560000 2.822734
1.560000 9.940789
1.560000 10.214938
1.560000 10.403185
1.560000 11.132613
1.560000 12.145510
1.560000 12.583124
1.560000 12.619485
1.560000 13.935707
1.560000 16.928435
1.560000 17.486569

1.580000 -9.954913
1.580000 -4.847742
1.580000 -1.791944
1.580000 -1.674249
1.580000 2.266347
1.580000 2.976073
1.580000 9.673659
1.580000 9.962051
1.580000 10.156729
1.580000 10.952527
1.580000 12.406024
1.580000 12.837681
1.580000 12.878310
1.580000 14.099922
1.580000 16.667442
1.580000 17.380601

1.600000 -9.958355
1.600000 -4.841183
1.600000 -1.893981
1.600000 -1.659317
1.600000 2.299178
1.600000 3.164340
1.600000 9.410053
1.600000 9.710710
1.600000 9.912297
1.600000 10.759351
1.600000 12.666174
1.600000 13.091822
1.600000 13.138991
1.600000 14.279939
1.600000 16.409982
1.600000 17.225620

1.620000 -9.961861
1.620000 -4.832337
1.620000 -2.000286
1.620000 -1.640429
1.620000 2.333024
1.620000 3.382540
1.620000 9.150902
1.620000 9.462364
1.620000 9.671174
1.620000 10.558330
1.620000 12.923572
1.620000 13.341951
1.620000 13.399714
1.620000 14.470516
1.620000 16.161885
1.620000 17.030137

1.640000 -9.965666
1.640000 -4.821466
1.640000 -2.106920
1.640000 -1.617671
1.640000 2.368765
1.640000 3.626036
1.640000 8.896896
1.640000 9.217902
1.640000 9.434146
1.640000 10.353106
1.640000 13.175300
1.640000 13.583726
1.640000 13.659182
1.640000 14.667975
1.640000 15.929212
1.640000 16.809437

1.660000 -9.970034
1.660000 -4.808845
1.660000 -2.210500
1.660000 -1.591143
1.660000 2.407052
1.660000 3.890906
1.660000 8.648655
1.660000 8.977939
1.660000 9.201748
1.660000 10.146257
1.660000 13.416549
1.660000 13.811292
1.660000 13.916355
1.660000 14.869711
1.660000 15.720736
1.660000 16.576051

1.680000 -9.975254
1.680000 -4.794745
1.680000 -2.308165
1.680000 -1.560959
1.680000 2.448267
1.680000 4.173877
1.680000 8.406840
1.680000 8.742953
1.680000 8.974374
1.680000 9.939663
1.680000 13.637202
1.680000 14.017631
1.680000 14.170355
1.680000 15.073853
1.680000 15.550902
1.680000 16.338499

1.700000 -9.981632
1.700000 -4.779412
1.700000 -2.397520
1.700000 -1.527247
1.700000 2.492579
1.700000 4.472098
1.700000 8.172269
1.700000 8.513352
1.700000 8.752331
1.700000 9.734743
1.700000 13.813310
1.700000 14.200626
1.700000 14.420451
1.700000 15.279049
1.700000 15.441507
1.700000 16.103587

1.720000 -9.989485
1.720000 -4.763030
1.720000 -2.476597
1.720000 -1.490151
1.720000 2.539990
1.720000 4.782819
1.720000 7.946114
1.720000 8.289508
1.720000 8.535862
1.720000 9.532606
1.720000 13.901474
1.720000 14.375738
1.720000 14.666062
1.720000 15.411050
1.720000 15.484322
1.720000 15.881340

1.740000 -9.999132
1.740000 -4.745690
1.740000 -2.543821
1.740000 -1.449831
1.740000 2.590371
1.740000 5.102876
1.740000 7.730296
1.740000 8.071787
1.740000 8.325166
1.740000 9.334153
1.740000 13.877502
1.740000 14.558172
1.740000 14.906773
1.740000 15.430234
1.740000 15.688985
1.740000 15.709410

1.750000 -10.004728
1.750000 -4.736654
1.750000 -2.572601
1.750000 -1.428517
1.750000 2.616604
1.750000 5.265069
1.750000 7.627286
1.750000 7.965342
1.750000 8.222035
1.750000 9.236550
1.750000 13.830875
1.750000 14.647307
1.750000 15.025210
1.750000 15.413010
1.750000 15.684697
1.750000 15.790937

1.750000 -10.004728
1.750000 -4.736654
1.750000 -2.572601
1.750000 -1.428517
1.750000 2.616604
1.750000 5.265069
1.750000 7.627286
1.750000 7.965342
1.750000 8.222035
1.750000 9.236550
1.750000 13.830875
1.750000 14.647307
1.750000 15.025210
1.750000 15.413010
1.750000 15.684697
1.750000 15.790937

1.770000 -10.017653
1.770000 -4.717746
1.770000 -2.619928
1.770000 -1.383700
1.770000 2.670953
1.770000 5.589312
1.770000 7.434995
1.770000 7.757557
1.770000 8.020289
1.770000 9.045016
1.770000 13.693048
1.770000 14.785584
1.770000 15.258191
1.770000 15.315398
1.770000 15.776805
1.770000 15.993889

1.790000 -10.033125
1.790000 -4.697459
1.790000 -2.653125
1.790000 -1.336134
1.790000 2.727467
1.790000 5.901048
1.790000 7.272623
1.790000 7.557063
1.790000 7.824656
1.790000 8.858900
1.790000 13.519713
1.790000 14.775467
1.790000 15.324415
1.790000 15.486030
1.790000 15.933804
1.790000 16.195441

1.810000 -10.051396
1.810000 -4.675307
1.810000 -2.671921
1.810000 -1.286044
1.810000 2.785629
1.810000 6.164661
1.810000 7.174299
1.810000 7.365248
1.810000 7.635217
1.810000 8.678781
1.810000 13.327917
1.810000 14.621601
1.810000 15.468218
1.810000 15.708929
1.810000 16.093713
1.810000 16.395568

1.830000 -10.072676
1.830000 -4.650632
1.830000 -2.676384
1.830000 -1.233670
1.830000 2.844797
1.830000 6.303490
1.830000 7.161852
1.830000 7.236988
1.830000 7.452023
1.830000 8.505213
1.830000 13.126385
1.830000 14.421431
1.830000 15.652319
1.830000 15.927227
1.830000 16.198490
1.830000 16.594372

1.850000 -10.097121
1.850000 -4.622633
1.850000 -2.666869
1.850000 -1.179272
1.850000 2.904187
1.850000 6.282075
1.850000 6.996716
1.850000 7.275095
1.850000 7.446492
1.850000 8.338734
1.850000 12.919478
1.850000 14.208849
1.850000 15.832837
1.850000 16.096887
1.850000 16.141350
1.850000 16.792066

1.870000 -10.124825
1.870000 -4.590420
1.870000 -2.643969
1.870000 -1.123132
1.870000 2.962854
1.870000 6.173052
1.870000 6.829921
1.870000 7.104422
1.870000 7.770391
1.870000 8.179883
1.870000 12.709198
1.870000 13.992738
1.870000 15.705930
1.870000 16.062084
1.870000 16.351772
1.870000 16.910164

1.890000 -10.155816
1.890000 -4.553072
1.890000 -2.608445
1.890000 -1.065547
1.890000 3.019668
1.890000 6.033703
1.890000 6.672389
1.890000 6.939965
1.890000 8.029200
1.890000 8.140865
1.890000 12.496125
1.890000 13.775773
1.890000 15.300502
1.890000 16.233156
1.890000 16.558947
1.890000 17.069504

1.910000 -10.190051
1.910000 -4.509695
1.910000 -2.561167
1.910000 -1.006835
1.910000 3.073308
1.910000 5.886006
1.910000 6.525575
1.910000 6.781652
1.910000 7.887238
1.910000 8.534882
1.910000 12.279843
1.910000 13.558549
1.910000 14.884655
1.910000 16.394223
1.910000 16.763240
1.910000 17.246756

1.930000 -10.227419
1.930000 -4.459469
1.930000 -2.503058
1.930000 -0.947330
1.930000 3.122250
1.930000 5.738385
1.930000 6.390684
1.930000 6.629385
1.930000 7.754558
1.930000 8.943116
1.930000 12.059137
1.930000 13.340694
1.930000 14.482617
1.930000 16.523927
1.930000 16.964822
1.930000 17.426590

1.950000 -10.267742
1.950000 -4.401686
1.950000 -2.435054
1.950000 -0.887377
1.950000 3.164794
1.950000 5.594562
1.950000 6.268975
1.950000 6.483040
1.950000 7.631730
1.950000 9.360530
1.950000 11.832136
1.950000 13.121315
1.950000 14.104673
1.950000 16.593447
1.950000 17.163489
1.950000 17.599972

1.970000 -10.310781
1.970000 -4.335763
1.970000 -2.358078
1.970000 -0.827338
1.970000 3.199123
1.970000 5.456387
1.970000 6.161761
1.970000 6.342476
1.970000 7.519326
1.970000 9.782996
1.970000 11.596591
1.970000 12.899530
1.970000 13.758887
1.970000 16.560812
1.970000 17.358294
1.970000 17.753240

1.990000 -10.356248
1.990000 -4.261255
1.990000 -2.273023
1.990000 -0.767579
1.990000 3.223416
1.990000 5.324830
1.990000 6.070302
1.990000 6.207537
1.990000 7.417911
1.990000 10.205005
1.990000 11.350682
1.990000 12.675501
1.990000 13.452771
1.990000 16.402805
1.990000 17.546683
1.990000 17.876051

2.010000 -10.403807
2.010000 -4.177847
2.010000 -2.180749
2.010000 -0.708471
2.010000 3.236006
2.010000 5.200387
2.010000 5.995622
2.010000 6.078065
2.010000 7.328029
2.010000 10.613421
2.010000 11.097420
2.010000 12.452060
2.010000 13.193808
2.010000 16.148249
2.010000 17.722119
2.010000 17.998591

2.030000 -10.453094
2.030000 -4.085343
2.030000 -2.082082
2.030000 -0.650380
2.030000 3.235580
2.030000 5.083278
2.030000 5.938248
2.030000 5.953904
2.030000 7.250192
2.030000 10.779973
2.030000 11.046876
2.030000 12.236511
2.030000 12.993005
2.030000 15.843808
2.030000 17.866663
2.030000 18.145084

2.050000 -10.503721
2.050000 -3.983658
2.050000 -1.977825
2.050000 -0.593668
2.050000 3.221360
2.050000 4.973573
2.050000 5.834913
2.050000 5.897944
2.050000 7.184861
2.050000 10.511911
2.050000 11.348410
2.050000 12.045132
2.050000 12.877470
2.050000 15.521282
2.050000 17.929426
2.050000 18.310366

2.070000 -10.555286
2.070000 -3.872794
2.070000 -1.868766
2.070000 -0.538678
2.070000 3.193197
2.070000 4.871286
2.070000 5.720971
2.070000 5.873476
2.070000 7.132434
2.070000 10.218417
2.070000 11.493229
2.070000 11.917159
2.070000 12.907227
2.070000 15.198676
2.070000 17.820619
2.070000 18.483290

2.090000 -10.607386
2.090000 -3.752830
2.090000 -1.755685
2.090000 -0.485734
2.090000 3.151559
2.090000 4.776455
2.090000 5.611981
2.090000 5.862486
2.090000 7.093229
2.090000 9.919601
2.090000 11.417623
2.090000 11.851978
2.090000 13.124725
2.090000 14.888193
2.090000 17.544707
2.090000 18.648930

2.110000 -10.659619
2.110000 -3.623908
2.110000 -1.639370
2.110000 -0.435128
2.110000 3.097385
2.110000 4.689182
2.110000 5.507874
2.110000 5.861469
2.110000 7.067469
2.110000 9.622860
2.110000 11.249194
2.110000 11.769157
2.110000 13.466805
2.110000 14.605771
2.110000 17.193494
2.110000 18.773263

2.130000 -10.711594
2.130000 -3.486219
2.130000 -1.520625
2.130000 -0.387117
2.130000 3.031877
2.130000 4.609653
2.130000 5.408612
2.130000 5.865831
2.130000 7.055274
2.130000 9.334977
2.130000 11.055500
2.130000 11.666490
2.130000 13.803691
2.130000 14.415317
2.130000 16.817636
2.130000 18.767347

2.150000 -10.762934
2.150000 -3.339995
2.150000 -1.400281
2.150000 -0.341918
2.150000 2.956273
2.150000 4.538135
2.150000 5.314179
2.150000 5.869991
2.150000 7.056649
2.150000 9.062753
2.150000 10.850412
2.150000 11.561597
2.150000 13.839289
2.150000 14.580823
2.150000 16.435848
2.150000 18.560253

2.170000 -10.813281
2.170000 -3.185500
2.170000 -1.279201
2.170000 -0.299699
2.170000 2.871672
2.170000 4.474957
2.170000 5.224587
2.170000 5.867559
2.170000 7.071472
2.170000 8.813124
2.170000 10.636725
2.170000 11.464307
2.170000 13.647844
2.170000 15.015035
2.170000 16.055739
2.170000 18.237336

2.190000 -10.862297
2.190000 -3.023027
2.190000 -1.158286
2.190000 -0.260580
2.190000 2.778909
2.190000 4.420483
2.190000 5.139864
2.190000 5.851734
2.190000 7.099488
2.190000 8.593000
2.190000 10.415392
2.190000 11.379439
2.190000 13.432259
2.190000 15.509197
2.190000 15.681014
2.190000 17.876135

2.210000 -10.909668
2.210000 -2.852896
2.210000 -1.038481
2.210000 -0.224630
2.210000 2.678505
2.210000 4.375078
2.210000 5.060053
2.210000 5.816141
2.210000 7.140298
2.210000 8.408617
2.210000 10.187471
2.210000 11.309465
2.210000 13.226249
2.210000 15.313844
2.210000 16.026083
2.210000 17.505102

2.230000 -10.955101
2.230000 -2.675450
2.230000 -0.920766
2.230000 -0.191871
2.230000 2.570644
2.230000 4.339082
2.230000 4.985207
2.230000 5.756186
2.230000 7.193342
2.230000 8.264301
2.230000 9.954514
2.230000 11.255797
2.230000 13.036366
2.230000 14.955751
2.230000 16.553903
2.230000 17.137554

2.250000 -10.998330
2.250000 -2.491058
2.250000 -0.806155
2.250000 -0.162276
2.250000 2.455209
2.250000 4.312762
2.250000 4.915387
2.250000 5.670527
2.250000 7.257886
2.250000 8.161079
2.250000 9.718551
2.250000 11.219381
2.250000 12.864094
2.250000 14.608002
2.250000 16.748057
2.250000 17.119323

2.270000 -11.039111
2.270000 -2.300120
2.270000 -0.695683
2.270000 -0.135777
2.270000 2.331825
2.270000 4.296268
2.270000 4.850655
2.270000 5.561754
2.270000 7.332996
2.270000 8.096025
2.270000 9.482002
2.270000 11.200959
2.270000 12.709370
2.270000 14.271807
2.270000 16.395840
2.270000 17.663961

2.290000 -11.077221
2.290000 -2.103073
2.290000 -0.590386
2.290000 -0.112271
2.290000 2.199947
2.290000 4.289580
2.290000 4.791072
2.290000 5.435711
2.290000 7.417506
2.290000 8.062929
2.290000 9.247606
2.290000 11.201141
2.290000 12.571527
2.290000 13.948446
2.290000 16.044140
2.290000 18.225295

2.310000 -11.112464
2.310000 -1.900397
2.310000 -0.491282
2.310000 -0.091626
2.310000 2.058966
2.310000 4.292439
2.310000 4.736701
2.310000 5.299870
2.310000 7.509972
2.310000 8.053850
2.310000 9.018438
2.310000 11.220361
2.310000 12.449668
2.310000 13.639371
2.310000 15.701207
2.310000 18.795822

2.330000 -11.144661
2.330000 -1.692634
2.330000 -0.399344
2.330000 -0.073692
2.330000 1.908330
2.330000 4.304271
2.330000 4.687597
2.330000 5.161735
2.330000 7.608619
2.330000 8.060488
2.330000 8.798095
2.330000 11.258765
2.330000 12.342843
2.330000 13.346299
2.330000 15.368998
2.330000 19.374477

2.350000 -11.173657
2.350000 -1.480408
2.350000 -0.315474
2.350000 -0.058303
2.350000 1.747692
2.350000 4.324109
2.350000 4.643813
2.350000 5.027858
2.350000 7.711261
2.350000 8.074462
2.350000 8.591416
2.350000 11.316031
2.350000 12.250144
2.350000 13.071312
2.350000 15.049186
2.350000 19.960742

2.370000 -11.199316
2.370000 -1.264460
2.370000 -0.240479
2.370000 -0.045294
2.370000 1.577041
2.370000 4.350507
2.370000 4.605397
2.370000 4.903455
2.370000 7.815217
2.370000 8.084697
2.370000 8.407479
2.370000 11.391135
2.370000 12.170756
2.370000 12.816964
2.370000 14.743743
2.370000 20.554213

2.390000 -11.221521
2.390000 -1.045713
2.390000 -0.175052
2.390000 -0.034499
2.390000 1.396833
2.390000 4.381481
2.390000 4.572392
2.390000 4.792408
2.390000 7.917224
2.390000 8.063925
2.390000 8.273143
2.390000 11.482029
2.390000 12.103976
2.390000 12.586377
2.390000 14.455319
2.390000 21.154457

2.410000 -11.240172
2.410000 -0.825408
2.410000 -0.119764
2.410000 -0.025766
2.410000 1.208139
2.410000 4.414476
2.410000 4.544832
2.410000 4.697452
2.410000 7.974601
2.410000 8.013380
2.410000 8.226952
2.410000 11.585141
2.410000 12.049229
2.410000 12.383318
2.410000 14.187769
2.410000 21.760859

2.430000 -11.255189
2.430000 -0.605431
2.430000 -0.075060
2.430000 -0.018957
2.430000 1.012925
2.430000 4.446377
2.430000 4.522748
2.430000 4.620468
2.430000 7.860347
2.430000 8.099175
2.430000 8.227416
2.430000 11.694545
2.430000 12.006082
2.430000 12.212171
2.430000 13.947018
2.430000 22.372263

2.450000 -11.266507
2.450000 -0.389305
2.450000 -0.041266
2.450000 -0.013956
2.450000 0.814955
2.450000 4.473453
2.450000 4.506164
2.450000 4.562988
2.450000 7.761971
2.450000 8.169702
2.450000 8.236563
2.450000 11.800589
2.450000 11.974329
2.450000 12.077731
2.450000 13.742436
2.450000 22.985724

2.470000 -11.274079
2.470000 -0.186052
2.470000 -0.018582
2.470000 -0.010675
2.470000 0.623536
2.470000 4.490130
2.470000 4.495098
2.470000 4.528007
2.470000 7.692120
2.470000 8.220137
2.470000 8.244751
2.470000 11.887761
2.470000 11.954642
2.470000 11.984738
2.470000 13.588398
2.470000 23.588686

2.490000 -11.277873
2.490000 -0.030531
2.490000 -0.009049
2.490000 -0.006597
2.490000 0.473243
2.490000 4.489562
2.490000 4.489937
2.490000 4.519717
2.490000 7.656043
2.490000 8.246498
2.490000 8.249269
2.490000 11.929088
2.490000 11.937113
2.490000 11.954868
2.490000 13.503665
2.490000 24.042521

2.500000 -11.278348
2.500000 -0.008847
2.500000 -0.008847
2.500000 0.000000
2.500000 0.447111
2.500000 4.488870
2.500000 4.488870
2.500000 4.519756
2.500000 7.651480
2.500000 8.249850
2.500000 8.249850
2.500000 11.931104
2.500000 11.931104
2.500000 11.958510
2.500000 13.492615
2.500000 24.110241

0.000000 0.250000 0.500000 1.000000 1.500000 1.625000 1.750000 2.125000 2.500000 
L


[-1,-1,-1]
\Gamma


[1,0,0]
X


[-1,-1,0]
K


[-1,-1,0]
\Gamma
